TQ,DPQ,C,OU,DI,DFT,RD,DFO,DI2,DFT2,RD2,DFO2,DI3,DFT3,RD3,DFO3
3,2,0,2,58,43,15,15,15,15,0,0,0,0,0,0
4,4,2,2,45,30,15,6,15,14,1,0,1,1,0,0
3,2,0,0,15,14,1,1,1,1,0,0,0,0,0,0
2,0,3,3,44,30,14,11,14,9,5,3,5,0,5,1
4,0,3,1,13,10,3,0,3,1,2,2,2,1,1,1
0,2,2,2,17,8,9,0,9,1,8,0,8,8,0,0
2,4,1,0,22,2,20,5,20,8,12,3,12,1,11,5
2,1,2,4,73,17,56,0,56,47,9,2,9,5,4,0
4,1,0,1,53,33,20,4,20,20,0,0,0,0,0,0
0,2,3,4,3,0,3,1,3,0,3,3,3,3,0,0
2,2,2,1,41,15,26,0,26,15,11,2,11,1,10,8
3,1,3,0,36,19,17,14,17,9,8,8,8,5,3,3
3,0,1,1,29,16,13,10,13,0,13,5,13,7,6,4
1,1,0,2,45,35,10,5,10,1,9,5,9,5,4,4
3,2,2,2,41,5,36,16,36,13,23,2,23,21,2,0
2,0,4,1,52,37,15,4,15,2,13,2,13,2,11,0
4,4,3,1,13,3,10,3,10,9,1,0,1,0,1,0
3,2,1,1,50,18,32,25,32,16,16,0,16,5,11,10
4,1,1,0,49,5,44,32,44,19,25,7,25,18,7,7
4,1,1,4,8,6,2,2,2,1,1,0,1,1,0,0
4,3,0,0,34,1,33,26,33,12,21,7,21,10,11,1
3,4,2,4,50,44,6,0,6,6,0,0,0,0,0,0
2,3,0,4,4,0,4,4,4,2,2,2,2,2,0,0
0,2,4,0,59,44,15,8,15,1,14,10,14,9,5,1
4,3,0,3,6,4,2,2,2,1,1,0,1,0,1,0
2,4,3,0,21,13,8,5,8,8,0,0,0,0,0,0
0,1,2,0,63,62,1,0,1,1,0,0,0,0,0,0
1,3,2,0,25,3,22,9,22,5,17,10,17,0,17,12
3,1,4,4,39,33,6,1,6,0,6,0,6,4,2,1
1,1,0,4,46,3,43,17,43,9,34,4,34,2,32,26
2,2,1,0,20,18,2,2,2,2,0,0,0,0,0,0
2,1,2,1,24,1,23,19,23,1,22,16,22,17,5,3
4,1,2,2,18,4,14,2,14,11,3,0,3,1,2,1
3,4,3,1,33,0,33,20,33,5,28,27,28,28,0,0
4,3,0,3,62,41,21,14,21,5,16,8,16,5,11,8
1,4,1,3,8,7,1,0,1,1,0,0,0,0,0,0
4,1,3,1,50,7,43,19,43,41,2,2,2,2,0,0
3,0,0,2,38,5,33,13,33,24,9,5,9,4,5,4
2,0,0,1,48,17,31,8,31,8,23,1,23,1,22,10
1,4,1,1,24,17,7,0,7,2,5,3,5,2,3,0
0,2,2,0,47,23,24,11,24,14,10,5,10,4,6,1
2,1,4,0,54,13,41,24,41,25,16,14,16,5,11,4
1,4,3,4,6,4,2,2,2,2,0,0,0,0,0,0
2,0,3,2,32,7,25,9,25,24,1,1,1,0,1,0
1,3,1,3,54,5,49,14,49,18,31,10,31,4,27,19
3,3,4,3,50,50,0,0,0,0,0,0,0,0,0,0
2,3,4,3,31,28,3,2,3,3,0,0,0,0,0,0
1,3,0,0,43,36,7,6,7,5,2,0,2,0,2,0
1,1,3,1,36,19,17,4,17,12,5,1,5,0,5,0
1,1,3,3,32,32,0,0,0,0,0,0,0,0,0,0
0,2,1,4,54,15,39,27,39,28,11,0,11,10,1,1
3,4,3,3,25,15,10,1,10,7,3,2,3,1,2,2
3,2,0,0,12,0,12,3,12,9,3,3,3,0,3,0
4,3,4,1,42,15,27,26,27,17,10,2,10,6,4,3
1,0,4,4,50,20,30,20,30,9,21,5,21,21,0,0
4,1,3,0,58,0,58,57,58,20,38,5,38,16,22,13
0,0,2,4,60,5,55,46,55,15,40,35,40,3,37,3
1,3,1,0,17,10,7,5,7,6,1,1,1,1,0,0
1,4,0,4,23,12,11,7,11,10,1,0,1,0,1,0
1,3,2,3,42,29,13,13,13,9,4,3,4,3,1,1
2,4,2,1,21,9,12,1,12,4,8,6,8,4,4,2
4,2,0,0,53,8,45,45,45,21,24,18,24,16,8,2
2,1,2,2,40,27,13,2,13,1,12,10,12,12,0,0
0,2,2,0,24,4,20,5,20,8,12,4,12,6,6,6
4,1,1,0,20,20,0,0,0,0,0,0,0,0,0,0
2,1,0,3,23,9,14,0,14,4,10,6,10,1,9,9
2,4,4,2,5,3,2,0,2,0,2,0,2,2,0,0
2,0,2,1,19,8,11,9,11,8,3,0,3,0,3,1
1,4,2,4,28,26,2,1,2,2,0,0,0,0,0,0
3,1,1,1,78,69,9,5,9,2,7,0,7,7,0,0
2,2,4,0,43,21,22,13,22,20,2,1,2,2,0,0
3,3,1,3,26,15,11,1,11,11,0,0,0,0,0,0
4,4,4,1,28,12,16,2,16,12,4,4,4,1,3,1
0,0,3,1,38,8,30,5,30,2,28,18,28,18,10,8
0,3,2,2,29,9,20,18,20,9,11,11,11,1,10,5
4,1,1,0,15,3,12,4,12,0,12,6,12,1,11,11
1,4,3,2,53,39,14,7,14,12,2,1,2,1,1,0
0,3,0,1,31,14,17,6,17,0,17,14,17,9,8,3
3,4,4,3,47,23,24,20,24,1,23,12,23,5,18,15
2,4,0,0,35,27,8,2,8,7,1,0,1,0,1,1
3,3,2,3,55,34,21,12,21,17,4,0,4,0,4,4
1,4,1,3,53,6,47,20,47,4,43,38,43,6,37,33
4,0,1,3,22,10,12,1,12,10,2,2,2,0,2,1
0,4,4,1,20,11,9,2,9,2,7,3,7,0,7,2
3,3,1,3,26,7,19,19,19,19,0,0,0,0,0,0
3,0,3,3,14,1,13,1,13,11,2,0,2,2,0,0
3,3,4,4,29,8,21,5,21,5,16,15,16,3,13,3
2,0,1,2,74,46,28,3,28,28,0,0,0,0,0,0
2,0,0,2,41,7,34,28,34,11,23,8,23,0,23,18
1,2,4,2,54,21,33,5,33,16,17,10,17,13,4,3
0,3,0,3,3,1,2,2,2,1,1,1,1,0,1,0
0,2,2,4,42,23,19,14,19,15,4,4,4,2,2,0
1,1,3,0,7,2,5,4,5,2,3,3,3,1,2,2
4,4,1,0,22,4,18,18,18,16,2,2,2,0,2,1
0,1,0,0,38,10,28,1,28,24,4,0,4,2,2,0
2,2,1,0,38,14,24,7,24,5,19,3,19,5,14,2
1,2,4,4,35,5,30,29,30,6,24,22,24,24,0,0
3,3,3,0,56,23,33,7,33,21,12,6,12,7,5,0
2,4,4,2,4,0,4,3,4,1,3,0,3,3,0,0
0,2,0,1,38,16,22,9,22,20,2,1,2,1,1,0
4,0,3,1,43,28,15,9,15,13,2,2,2,2,0,0
3,0,0,4,8,5,3,1,3,3,0,0,0,0,0,0
1,3,4,3,39,22,17,17,17,15,2,0,2,1,1,1
4,3,4,2,61,35,26,12,26,15,11,4,11,2,9,0
2,3,2,0,62,13,49,15,49,3,46,29,46,2,44,18
1,4,0,1,29,14,15,1,15,0,15,6,15,7,8,5
0,0,2,3,14,13,1,0,1,0,1,0,1,1,0,0
2,0,0,2,36,29,7,5,7,4,3,1,3,2,1,1
4,0,2,0,33,16,17,17,17,0,17,15,17,9,8,2
4,4,2,4,34,4,30,21,30,16,14,14,14,6,8,2
1,4,4,2,16,3,13,6,13,1,12,11,12,0,12,11
3,4,4,1,42,27,15,5,15,1,14,5,14,4,10,6
1,2,2,2,11,11,0,0,0,0,0,0,0,0,0,0
3,4,1,0,20,16,4,1,4,4,0,0,0,0,0,0
1,1,2,3,23,14,9,4,9,5,4,3,4,1,3,1
0,2,4,0,7,7,0,0,0,0,0,0,0,0,0,0
2,2,3,4,30,7,23,13,23,9,14,1,14,1,13,3
4,1,2,2,31,30,1,0,1,1,0,0,0,0,0,0
2,2,2,2,14,2,12,7,12,4,8,5,8,8,0,0
4,2,1,2,0,0,0,0,0,0,0,0,0,0,0,0
0,4,0,1,55,52,3,0,3,2,1,1,1,0,1,1
4,4,0,0,28,5,23,3,23,0,23,22,23,20,3,0
2,4,3,4,28,21,7,0,7,7,0,0,0,0,0,0
4,4,2,0,38,0,38,38,38,0,38,1,38,7,31,14
3,2,3,1,13,11,2,1,2,0,2,0,2,2,0,0
3,1,2,3,39,36,3,1,3,1,2,0,2,1,1,0
2,3,0,4,47,34,13,1,13,9,4,0,4,0,4,4
4,0,0,4,52,20,32,6,32,22,10,10,10,6,4,1
0,4,4,0,53,46,7,1,7,7,0,0,0,0,0,0
2,1,0,4,37,3,34,2,34,30,4,0,4,3,1,1
1,0,4,2,46,23,23,21,23,14,9,1,9,4,5,5
1,4,0,1,13,0,13,1,13,9,4,4,4,4,0,0
1,2,0,1,24,13,11,0,11,4,7,4,7,4,3,0
2,2,3,4,18,18,0,0,0,0,0,0,0,0,0,0
4,4,4,1,16,6,10,9,10,0,10,10,10,3,7,4
4,2,1,4,2,0,2,1,2,0,2,1,2,0,2,0
1,1,4,0,39,30,9,6,9,1,8,8,8,3,5,4
1,3,2,4,50,9,41,22,41,26,15,2,15,6,9,9
4,1,4,2,33,12,21,3,21,3,18,5,18,18,0,0
4,3,1,1,57,49,8,0,8,4,4,2,4,2,2,1
2,4,4,2,12,4,8,0,8,7,1,1,1,1,0,0
1,2,0,1,25,17,8,6,8,0,8,3,8,2,6,6
4,4,4,0,53,25,28,19,28,5,23,20,23,5,18,8
4,1,1,4,14,3,11,11,11,3,8,4,8,1,7,3
0,2,1,1,1,1,0,0,0,0,0,0,0,0,0,0
2,3,3,2,38,31,7,6,7,0,7,2,7,7,0,0
0,3,1,2,29,20,9,6,9,0,9,0,9,4,5,1
0,1,1,0,26,16,10,8,10,2,8,0,8,5,3,0
3,1,1,1,26,18,8,4,8,5,3,0,3,2,1,1
0,2,0,2,4,2,2,0,2,2,0,0,0,0,0,0
3,2,0,4,44,30,14,4,14,12,2,2,2,1,1,0
2,0,0,0,55,3,52,33,52,52,0,0,0,0,0,0
2,2,4,1,1,0,1,0,1,1,0,0,0,0,0,0
3,3,0,2,11,1,10,1,10,8,2,0,2,1,1,0
4,0,2,2,33,32,1,0,1,0,1,0,1,0,1,1
4,2,0,1,52,38,14,11,14,8,6,1,6,6,0,0
0,4,4,2,50,34,16,12,16,3,13,3,13,7,6,4
2,1,3,0,31,10,21,8,21,18,3,3,3,1,2,2
2,1,0,1,37,15,22,3,22,7,15,7,15,5,10,8
1,3,4,1,36,32,4,4,4,0,4,2,4,3,1,0
3,0,0,3,37,13,24,0,24,15,9,1,9,0,9,4
2,1,0,1,47,37,10,7,10,8,2,0,2,0,2,0
3,2,1,0,46,13,33,8,33,3,30,20,30,26,4,3
1,0,3,2,8,1,7,7,7,1,6,4,6,6,0,0
3,2,3,1,38,14,24,21,24,7,17,16,17,3,14,8
2,2,2,3,42,8,34,17,34,17,17,3,17,0,17,15
3,1,1,4,6,4,2,2,2,0,2,1,2,2,0,0
2,4,4,2,46,8,38,0,38,25,13,5,13,7,6,5
0,1,1,4,10,6,4,1,4,0,4,3,4,4,0,0
1,2,4,1,21,6,15,10,15,2,13,3,13,12,1,0
3,3,4,1,16,0,16,1,16,13,3,2,3,1,2,0
1,2,3,1,20,12,8,5,8,3,5,1,5,0,5,1
1,1,0,4,42,23,19,19,19,12,7,2,7,4,3,2
0,2,1,4,26,17,9,2,9,7,2,0,2,0,2,0
1,1,1,3,14,6,8,5,8,8,0,0,0,0,0,0
3,4,2,1,16,16,0,0,0,0,0,0,0,0,0,0
3,2,2,3,57,0,57,20,57,39,18,1,18,12,6,3
4,3,1,0,15,4,11,7,11,2,9,0,9,5,4,2
1,2,1,3,24,10,14,14,14,14,0,0,0,0,0,0
3,0,3,1,37,30,7,1,7,7,0,0,0,0,0,0
2,3,0,1,57,28,29,24,29,15,14,9,14,4,10,6
3,4,1,3,68,22,46,44,46,2,44,8,44,16,28,23
2,4,0,2,56,2,54,11,54,22,32,14,32,16,16,13
2,0,4,0,41,24,17,16,17,10,7,0,7,0,7,7
0,3,0,3,35,31,4,3,4,0,4,4,4,2,2,2
4,4,0,0,29,28,1,0,1,1,0,0,0,0,0,0
3,1,3,0,23,2,21,15,21,11,10,2,10,8,2,0
1,2,0,0,35,25,10,8,10,10,0,0,0,0,0,0
1,2,2,2,21,4,17,14,17,7,10,1,10,4,6,0
3,4,3,2,21,15,6,6,6,1,5,4,5,2,3,0
3,3,4,1,34,5,29,14,29,8,21,10,21,18,3,0
4,4,0,1,23,7,16,15,16,0,16,13,16,3,13,1
4,0,0,2,23,19,4,4,4,4,0,0,0,0,0,0
4,1,4,4,57,6,51,19,51,24,27,8,27,8,19,8
3,4,2,4,24,2,22,20,22,16,6,4,6,0,6,4
1,3,3,0,49,33,16,7,16,15,1,0,1,0,1,1
4,3,1,0,18,17,1,1,1,0,1,1,1,1,0,0
1,1,1,3,20,11,9,3,9,6,3,3,3,2,1,1
4,1,4,1,33,29,4,2,4,0,4,0,4,3,1,1
4,3,3,3,2,2,0,0,0,0,0,0,0,0,0,0
1,3,4,1,19,5,14,10,14,4,10,4,10,0,10,4
0,4,4,4,25,17,8,3,8,2,6,3,6,2,4,0
1,4,0,3,23,8,15,1,15,1,14,11,14,8,6,1
3,4,4,0,26,7,19,0,19,11,8,2,8,4,4,0
1,4,0,1,19,9,10,10,10,5,5,0,5,3,2,1
2,3,2,1,30,17,13,12,13,12,1,0,1,0,1,1
0,1,1,4,22,12,10,5,10,4,6,0,6,4,2,1
3,1,4,1,12,7,5,2,5,0,5,2,5,2,3,1
0,1,0,1,21,1,20,18,20,10,10,5,10,4,6,5
3,2,0,1,81,4,77,45,77,35,42,25,42,19,23,9
4,3,2,2,11,2,9,2,9,5,4,3,4,1,3,2
2,1,1,3,18,16,2,0,2,0,2,1,2,2,0,0
2,4,3,4,63,33,30,10,30,15,15,6,15,12,3,2
4,4,4,0,8,8,0,0,0,0,0,0,0,0,0,0
2,3,3,4,11,4,7,3,7,7,0,0,0,0,0,0
2,1,2,0,39,15,24,7,24,24,0,0,0,0,0,0
3,2,3,1,3,0,3,0,3,0,3,1,3,0,3,3
3,2,3,3,35,29,6,3,6,4,2,1,2,1,1,0
4,4,0,0,45,10,35,22,35,18,17,9,17,14,3,2
3,3,2,3,25,24,1,0,1,1,0,0,0,0,0,0
3,0,4,1,20,18,2,1,2,1,1,0,1,0,1,0
1,3,3,4,21,0,21,15,21,21,0,0,0,0,0,0
0,4,4,3,11,3,8,1,8,4,4,1,4,1,3,0
2,3,0,2,49,38,11,11,11,8,3,3,3,2,1,1
3,3,1,2,25,13,12,1,12,1,11,4,11,4,7,4
1,0,3,1,55,20,35,29,35,3,32,1,32,4,28,27
3,2,3,4,2,2,0,0,0,0,0,0,0,0,0,0
4,2,0,1,3,2,1,0,1,0,1,1,1,0,1,0
2,3,2,3,9,2,7,5,7,1,6,3,6,0,6,0
4,1,2,4,19,15,4,2,4,2,2,2,2,0,2,1
0,0,2,4,31,20,11,11,11,4,7,6,7,5,2,2
0,4,1,3,30,26,4,3,4,2,2,2,2,2,0,0
0,0,3,3,47,12,35,24,35,25,10,10,10,10,0,0
4,1,2,4,7,0,7,0,7,3,4,4,4,1,3,1
0,4,4,2,40,10,30,22,30,7,23,12,23,7,16,7
2,2,4,0,21,14,7,0,7,4,3,2,3,0,3,2
4,1,2,4,20,10,10,10,10,2,8,5,8,2,6,3
0,1,3,1,23,17,6,2,6,3,3,2,3,1,2,1
1,2,3,3,51,9,42,23,42,29,13,9,13,6,7,0
2,3,4,3,24,19,5,4,5,4,1,1,1,0,1,1
1,2,4,4,19,15,4,4,4,3,1,0,1,0,1,1
1,0,1,4,58,45,13,10,13,8,5,2,5,5,0,0
1,4,1,1,31,27,4,1,4,0,4,1,4,0,4,1
0,2,0,1,1,0,1,0,1,1,0,0,0,0,0,0
0,4,4,4,41,39,2,1,2,2,0,0,0,0,0,0
4,2,0,3,37,22,15,12,15,4,11,10,11,2,9,7
3,0,4,2,41,27,14,6,14,10,4,0,4,3,1,0
3,3,2,1,45,14,31,7,31,1,30,30,30,1,29,8
2,1,1,4,24,5,19,0,19,12,7,4,7,6,1,0
4,3,0,1,14,5,9,1,9,9,0,0,0,0,0,0
4,3,2,2,56,14,42,18,42,32,10,7,10,3,7,5
0,0,4,0,9,4,5,0,5,0,5,0,5,3,2,1
4,2,3,4,18,9,9,1,9,9,0,0,0,0,0,0
1,4,3,2,21,21,0,0,0,0,0,0,0,0,0,0
0,3,2,2,39,31,8,7,8,1,7,0,7,7,0,0
4,2,2,2,16,8,8,6,8,5,3,3,3,2,1,0
3,0,3,0,6,0,6,5,6,3,3,2,3,1,2,2
2,2,1,0,27,26,1,0,1,1,0,0,0,0,0,0
3,4,1,3,9,1,8,4,8,5,3,2,3,1,2,0
0,0,0,1,24,0,24,8,24,9,15,5,15,9,6,5
0,0,2,3,22,16,6,0,6,4,2,1,2,0,2,1
2,3,2,3,43,39,4,3,4,0,4,2,4,0,4,2
1,3,3,4,29,8,21,3,21,0,21,5,21,9,12,11
4,4,3,3,4,2,2,1,2,2,0,0,0,0,0,0
1,1,1,2,47,34,13,6,13,8,5,1,5,2,3,1
0,3,3,0,24,20,4,2,4,1,3,0,3,1,2,2
4,4,3,0,52,19,33,10,33,1,32,11,32,3,29,0
1,4,0,1,62,13,49,38,49,29,20,5,20,16,4,3
4,2,1,2,25,7,18,17,18,1,17,2,17,12,5,1
0,0,3,2,6,5,1,0,1,0,1,0,1,1,0,0
2,2,0,4,40,14,26,16,26,11,15,12,15,3,12,6
3,3,4,3,3,3,0,0,0,0,0,0,0,0,0,0
0,3,2,0,0,0,0,0,0,0,0,0,0,0,0,0
2,1,2,0,30,28,2,0,2,0,2,2,2,2,0,0
2,0,1,0,23,22,1,0,1,0,1,0,1,1,0,0
2,4,3,2,47,23,24,17,24,19,5,1,5,1,4,0
0,2,0,1,18,6,12,8,12,2,10,6,10,9,1,0
3,4,1,2,34,23,11,4,11,1,10,10,10,8,2,2
4,1,3,1,1,1,0,0,0,0,0,0,0,0,0,0
4,0,4,2,63,5,58,54,58,36,22,11,22,4,18,7
4,0,0,3,20,5,15,3,15,10,5,1,5,5,0,0
3,1,0,0,76,29,47,10,47,47,0,0,0,0,0,0
4,3,0,1,27,11,16,8,16,14,2,2,2,0,2,0
2,0,0,4,27,22,5,1,5,3,2,2,2,1,1,0
0,0,0,2,15,0,15,2,15,12,3,2,3,0,3,2
0,1,4,3,25,24,1,0,1,1,0,0,0,0,0,0
0,4,0,0,63,57,6,4,6,1,5,0,5,2,3,1
2,2,1,3,60,51,9,4,9,0,9,9,9,8,1,1
3,0,2,2,44,8,36,32,36,11,25,17,25,1,24,18
3,1,1,0,15,7,8,1,8,8,0,0,0,0,0,0
1,2,1,3,29,9,20,1,20,8,12,7,12,12,0,0
2,2,2,4,38,19,19,14,19,7,12,1,12,12,0,0
1,1,1,4,73,43,30,0,30,18,12,5,12,8,4,4
3,2,4,0,13,9,4,1,4,0,4,4,4,2,2,2
2,0,4,3,30,3,27,25,27,18,9,5,9,5,4,0
2,2,2,4,41,37,4,3,4,1,3,3,3,0,3,3
2,1,4,2,79,33,46,25,46,38,8,4,8,0,8,6
0,0,4,0,31,7,24,12,24,17,7,4,7,3,4,4
3,0,3,4,27,15,12,1,12,3,9,3,9,2,7,5
0,3,4,1,61,16,45,23,45,27,18,10,18,1,17,2
1,4,3,0,69,32,37,30,37,2,35,32,35,22,13,2
3,0,3,2,4,2,2,2,2,1,1,0,1,0,1,0
1,3,3,4,26,13,13,3,13,8,5,5,5,5,0,0
2,2,2,2,61,29,32,27,32,20,12,7,12,12,0,0
0,3,0,3,51,4,47,21,47,40,7,5,7,1,6,4
2,4,2,1,88,41,47,31,47,18,29,25,29,15,14,0
0,2,2,3,6,6,0,0,0,0,0,0,0,0,0,0
2,0,3,4,30,29,1,1,1,0,1,1,1,1,0,0
4,3,1,4,31,11,20,13,20,9,11,2,11,7,4,1
4,4,0,2,1,0,1,0,1,0,1,1,1,1,0,0
4,3,0,1,30,9,21,8,21,11,10,1,10,5,5,4
3,3,3,4,25,8,17,11,17,9,8,0,8,4,4,3
1,0,0,0,68,41,27,2,27,6,21,17,21,0,21,8
0,1,3,3,30,2,28,21,28,18,10,4,10,0,10,10
4,2,3,1,30,8,22,5,22,3,19,13,19,0,19,3
4,2,1,0,8,0,8,3,8,2,6,5,6,1,5,2
1,2,2,3,2,0,2,0,2,2,0,0,0,0,0,0
3,4,3,1,40,33,7,1,7,3,4,0,4,1,3,1
0,0,0,3,28,24,4,2,4,0,4,3,4,3,1,1
0,2,2,1,36,14,22,3,22,6,16,15,16,12,4,1
3,4,3,0,2,0,2,0,2,2,0,0,0,0,0,0
0,3,2,4,29,8,21,2,21,13,8,4,8,5,3,3
1,3,3,4,44,33,11,5,11,3,8,1,8,6,2,2
4,4,0,0,26,10,16,8,16,10,6,4,6,5,1,1
1,2,2,4,69,60,9,9,9,1,8,7,8,3,5,3
1,1,1,4,32,18,14,8,14,7,7,5,7,4,3,0
2,1,2,2,42,33,9,0,9,0,9,6,9,2,7,0
3,3,2,1,37,16,21,7,21,21,0,0,0,0,0,0
3,4,4,2,35,11,24,15,24,7,17,2,17,0,17,10
2,0,4,3,17,16,1,1,1,1,0,0,0,0,0,0
0,1,3,0,20,17,3,2,3,0,3,1,3,3,0,0
2,2,2,0,28,1,27,11,27,1,26,18,26,23,3,0
1,0,1,4,38,20,18,17,18,5,13,6,13,4,9,4
4,2,4,4,4,2,2,1,2,1,1,1,1,1,0,0
1,2,3,2,29,11,18,7,18,0,18,10,18,13,5,0
1,0,1,1,49,48,1,1,1,1,0,0,0,0,0,0
3,4,1,4,30,12,18,9,18,16,2,0,2,2,0,0
4,1,2,3,29,23,6,0,6,1,5,4,5,3,2,1
1,4,3,4,26,22,4,4,4,3,1,0,1,1,0,0
1,3,4,4,34,0,34,6,34,13,21,10,21,14,7,2
4,3,4,4,25,11,14,5,14,6,8,7,8,7,1,1
3,4,0,4,3,2,1,1,1,0,1,0,1,0,1,1
0,0,1,0,19,10,9,3,9,5,4,2,4,3,1,0
2,3,4,3,38,29,9,7,9,1,8,2,8,8,0,0
0,1,0,1,59,31,28,6,28,4,24,17,24,1,23,6
4,1,0,0,23,18,5,4,5,1,4,3,4,1,3,1
4,3,1,0,39,19,20,12,20,15,5,4,5,0,5,4
0,2,0,3,7,6,1,1,1,0,1,1,1,0,1,1
0,0,4,0,62,15,47,32,47,45,2,2,2,1,1,0
1,1,4,3,5,5,0,0,0,0,0,0,0,0,0,0
3,4,1,2,21,18,3,0,3,2,1,0,1,0,1,1
0,2,4,4,39,16,23,17,23,9,14,4,14,10,4,2
3,1,2,0,17,12,5,2,5,1,4,2,4,2,2,2
3,3,2,1,90,4,86,75,86,66,20,15,20,13,7,5
1,2,0,3,53,13,40,1,40,4,36,16,36,33,3,2
4,4,4,3,58,18,40,6,40,13,27,27,27,19,8,1
0,0,4,3,1,1,0,0,0,0,0,0,0,0,0,0
1,0,2,3,62,31,31,13,31,30,1,0,1,0,1,0
3,0,1,3,36,20,16,1,16,12,4,2,4,1,3,0
1,0,2,3,23,12,11,1,11,11,0,0,0,0,0,0
0,1,2,1,73,0,73,6,73,13,60,17,60,13,47,26
1,0,1,0,52,23,29,16,29,15,14,7,14,5,9,3
3,1,2,0,10,0,10,5,10,9,1,1,1,1,0,0
2,2,2,3,30,5,25,12,25,25,0,0,0,0,0,0
2,2,3,0,73,10,63,31,63,41,22,2,22,18,4,4
1,4,0,4,3,2,1,0,1,0,1,1,1,1,0,0
2,1,4,1,39,27,12,0,12,12,0,0,0,0,0,0
4,0,3,3,29,16,13,13,13,5,8,5,8,0,8,2
1,1,4,1,46,45,1,0,1,1,0,0,0,0,0,0
4,4,3,1,2,2,0,0,0,0,0,0,0,0,0,0
0,2,3,0,25,7,18,0,18,11,7,5,7,6,1,0
1,1,1,3,25,16,9,0,9,2,7,6,7,7,0,0
2,2,0,2,6,3,3,1,3,1,2,2,2,2,0,0
3,2,4,0,45,9,36,21,36,17,19,12,19,13,6,6
1,3,4,1,12,11,1,1,1,1,0,0,0,0,0,0
4,3,3,3,57,17,40,38,40,3,37,23,37,27,10,4
3,1,4,1,5,5,0,0,0,0,0,0,0,0,0,0
4,2,4,3,11,10,1,0,1,0,1,1,1,0,1,1
1,1,1,2,14,2,12,4,12,10,2,0,2,2,0,0
3,3,1,0,20,2,18,11,18,11,7,6,7,7,0,0
3,2,0,3,26,17,9,3,9,6,3,3,3,0,3,3
0,2,0,1,24,12,12,9,12,7,5,5,5,1,4,2
0,0,1,4,58,46,12,1,12,5,7,1,7,4,3,2
2,1,2,2,33,24,9,5,9,3,6,0,6,1,5,3
3,0,4,3,33,0,33,3,33,19,14,1,14,13,1,0
2,3,1,2,40,15,25,7,25,17,8,6,8,0,8,0
3,1,1,4,31,3,28,10,28,23,5,2,5,1,4,1
1,4,0,1,20,9,11,2,11,0,11,11,11,1,10,1
3,4,1,4,29,25,4,0,4,0,4,3,4,4,0,0
4,0,0,3,29,29,0,0,0,0,0,0,0,0,0,0
0,4,2,4,52,4,48,41,48,14,34,9,34,27,7,7
0,3,4,2,13,12,1,1,1,1,0,0,0,0,0,0
1,1,0,0,8,7,1,1,1,1,0,0,0,0,0,0
2,4,4,4,24,12,12,3,12,5,7,4,7,6,1,0
0,1,4,0,18,18,0,0,0,0,0,0,0,0,0,0
2,3,4,0,26,1,25,7,25,5,20,15,20,15,5,3
0,2,3,3,7,3,4,3,4,2,2,1,2,0,2,1
1,4,4,0,28,1,27,0,27,9,18,6,18,16,2,1
2,1,1,4,27,26,1,0,1,0,1,0,1,0,1,0
1,2,1,4,9,4,5,0,5,4,1,0,1,0,1,1
1,2,0,4,23,7,16,9,16,9,7,5,7,0,7,4
4,0,2,3,56,39,17,11,17,6,11,7,11,2,9,2
0,3,1,2,13,2,11,3,11,2,9,1,9,6,3,1
1,0,0,3,32,32,0,0,0,0,0,0,0,0,0,0
4,2,1,0,10,7,3,1,3,2,1,0,1,0,1,1
3,4,2,4,51,24,27,7,27,21,6,5,6,5,1,0
0,4,4,1,47,44,3,1,3,0,3,3,3,0,3,1
1,1,0,3,11,6,5,1,5,4,1,1,1,0,1,1
2,1,2,4,18,4,14,2,14,4,10,4,10,7,3,2
0,4,4,3,36,19,17,1,17,16,1,1,1,0,1,0
2,4,1,3,41,26,15,13,15,13,2,0,2,2,0,0
3,4,2,4,55,7,48,10,48,26,22,10,22,5,17,8
2,1,1,4,21,5,16,0,16,7,9,9,9,6,3,1
3,4,0,3,81,21,60,19,60,7,53,20,53,13,40,39
2,3,2,4,21,21,0,0,0,0,0,0,0,0,0,0
0,3,4,1,28,6,22,17,22,18,4,2,4,0,4,1
0,3,4,2,26,11,15,9,15,6,9,2,9,0,9,1
1,2,4,1,38,16,22,5,22,0,22,19,22,17,5,2
2,3,0,0,21,21,0,0,0,0,0,0,0,0,0,0
0,3,4,1,61,19,42,33,42,28,14,3,14,10,4,4
1,2,4,1,37,0,37,12,37,18,19,0,19,14,5,2
4,2,2,1,17,5,12,7,12,3,9,0,9,2,7,3
0,4,2,1,23,22,1,1,1,1,0,0,0,0,0,0
4,3,1,4,32,29,3,3,3,1,2,2,2,2,0,0
1,0,4,1,60,48,12,5,12,8,4,4,4,0,4,4
1,3,2,2,54,30,24,19,24,9,15,8,15,10,5,0
3,3,2,4,43,2,41,18,41,31,10,5,10,7,3,0
3,3,2,4,79,55,24,2,24,10,14,14,14,6,8,2
4,0,2,0,61,23,38,30,38,9,29,4,29,15,14,1
3,2,1,1,41,15,26,14,26,15,11,10,11,7,4,1
0,0,1,2,30,18,12,7,12,5,7,6,7,6,1,1
1,4,4,0,24,20,4,1,4,4,0,0,0,0,0,0
0,3,2,1,30,11,19,10,19,2,17,0,17,17,0,0
4,2,4,0,34,27,7,5,7,3,4,4,4,4,0,0
1,4,4,3,34,33,1,1,1,1,0,0,0,0,0,0
0,1,2,4,43,43,0,0,0,0,0,0,0,0,0,0
4,4,1,2,31,5,26,7,26,3,23,8,23,0,23,13
4,3,2,2,31,8,23,2,23,0,23,0,23,5,18,16
4,3,2,2,32,28,4,4,4,4,0,0,0,0,0,0
3,0,0,2,15,8,7,3,7,5,2,0,2,1,1,0
0,1,1,3,35,22,13,13,13,7,6,0,6,5,1,0
2,0,1,4,29,5,24,11,24,4,20,2,20,20,0,0
2,2,1,4,48,5,43,37,43,1,42,35,42,34,8,3
3,2,3,1,7,2,5,3,5,2,3,3,3,2,1,1
4,1,2,0,52,18,34,10,34,8,26,1,26,3,23,13
1,0,2,2,20,15,5,1,5,1,4,4,4,4,0,0
1,2,0,0,58,3,55,20,55,10,45,17,45,2,43,21
2,0,2,2,23,1,22,11,22,20,2,1,2,0,2,2
1,4,3,3,23,13,10,8,10,8,2,0,2,0,2,1
0,3,1,2,1,1,0,0,0,0,0,0,0,0,0,0
3,4,1,4,21,15,6,3,6,5,1,0,1,1,0,0
3,4,1,4,27,15,12,5,12,8,4,4,4,1,3,2
3,1,0,0,13,7,6,0,6,2,4,3,4,3,1,0
3,3,0,3,3,2,1,0,1,0,1,1,1,0,1,0
2,3,0,3,15,2,13,6,13,12,1,1,1,1,0,0
3,1,2,3,4,2,2,0,2,1,1,0,1,0,1,0
3,3,1,4,10,5,5,0,5,1,4,4,4,4,0,0
4,0,1,4,8,1,7,2,7,4,3,2,3,2,1,0
4,1,2,2,8,1,7,5,7,3,4,2,4,4,0,0
3,1,1,0,9,3,6,4,6,6,0,0,0,0,0,0
4,3,4,0,10,2,8,7,8,6,2,0,2,1,1,1
3,2,2,1,11,0,11,8,11,11,0,0,0,0,0,0
3,0,1,3,44,13,31,3,31,31,0,0,0,0,0,0
4,4,2,2,41,32,9,2,9,4,5,4,5,2,3,2
1,1,2,4,35,24,11,10,11,0,11,5,11,9,2,0
4,3,2,0,14,9,5,2,5,1,4,0,4,1,3,3
1,0,4,2,27,26,1,0,1,1,0,0,0,0,0,0
3,0,3,4,42,17,25,21,25,11,14,13,14,4,10,0
4,4,3,1,17,17,0,0,0,0,0,0,0,0,0,0
0,4,1,0,41,21,20,12,20,9,11,8,11,2,9,2
4,1,0,2,25,0,25,24,25,20,5,5,5,5,0,0
2,0,2,4,35,27,8,0,8,3,5,3,5,4,1,0
1,4,4,0,49,47,2,0,2,2,0,0,0,0,0,0
4,0,4,1,41,9,32,4,32,28,4,0,4,3,1,1
4,2,1,3,16,13,3,1,3,1,2,1,2,0,2,0
2,1,1,3,47,2,45,31,45,24,21,10,21,2,19,5
4,0,3,3,50,5,45,8,45,7,38,18,38,4,34,1
1,4,3,1,61,3,58,15,58,32,26,22,26,17,9,9
1,3,4,0,27,3,24,0,24,23,1,1,1,1,0,0
1,3,2,4,36,6,30,20,30,9,21,17,21,13,8,8
4,3,2,1,74,41,33,4,33,24,9,5,9,6,3,0
4,3,2,3,31,11,20,14,20,12,8,8,8,8,0,0
4,3,2,3,34,29,5,4,5,1,4,4,4,1,3,0
3,2,3,2,12,8,4,3,4,3,1,0,1,1,0,0
3,4,1,4,49,24,25,17,25,24,1,1,1,0,1,1
4,4,1,1,23,8,15,8,15,13,2,1,2,2,0,0
4,1,3,0,19,1,18,6,18,10,8,1,8,2,6,1
1,1,3,3,43,23,20,2,20,18,2,2,2,2,0,0
1,4,4,3,34,13,21,19,21,1,20,9,20,8,12,10
2,2,0,2,1,0,1,1,1,1,0,0,0,0,0,0
4,2,2,2,16,9,7,0,7,1,6,1,6,4,2,2
3,1,0,3,24,2,22,20,22,5,17,5,17,4,13,6
0,4,4,0,38,18,20,18,20,2,18,6,18,9,9,3
0,0,3,0,20,12,8,5,8,2,6,0,6,6,0,0
3,1,3,0,42,17,25,13,25,8,17,8,17,1,16,11
2,2,3,0,34,28,6,5,6,4,2,0,2,2,0,0
0,2,4,1,34,16,18,10,18,2,16,11,16,11,5,2
1,4,3,0,12,10,2,2,2,2,0,0,0,0,0,0
0,2,4,1,37,32,5,3,5,2,3,1,3,2,1,0
3,0,4,3,3,1,2,1,2,0,2,2,2,0,2,2
1,1,1,0,11,5,6,1,6,0,6,5,6,4,2,2
1,0,1,0,48,24,24,20,24,9,15,14,15,3,12,8
3,1,3,0,20,7,13,11,13,0,13,4,13,7,6,5
4,3,0,3,18,16,2,0,2,2,0,0,0,0,0,0
0,1,4,4,53,40,13,8,13,11,2,0,2,2,0,0
2,4,2,2,23,9,14,6,14,6,8,2,8,7,1,1
4,2,1,1,9,4,5,4,5,4,1,1,1,0,1,0
1,0,1,0,61,54,7,7,7,1,6,0,6,1,5,5
2,0,3,4,48,3,45,5,45,18,27,23,27,15,12,4
4,2,2,0,5,5,0,0,0,0,0,0,0,0,0,0
1,4,4,3,65,50,15,3,15,12,3,0,3,3,0,0
3,1,3,2,40,34,6,3,6,4,2,0,2,1,1,1
2,0,1,1,34,25,9,1,9,0,9,0,9,9,0,0
3,1,4,4,39,16,23,8,23,1,22,3,22,16,6,4
3,1,3,1,19,7,12,11,12,7,5,5,5,5,0,0
2,0,2,2,68,56,12,3,12,9,3,2,3,1,2,1
3,3,3,0,29,10,19,8,19,1,18,16,18,14,4,3
1,2,1,4,34,4,30,5,30,29,1,1,1,0,1,1
4,2,0,2,25,19,6,1,6,2,4,4,4,4,0,0
2,2,2,4,57,41,16,1,16,15,1,1,1,1,0,0
1,3,2,2,47,46,1,1,1,1,0,0,0,0,0,0
0,4,2,2,26,5,21,1,21,8,13,2,13,11,2,2
2,1,2,2,4,1,3,2,3,3,0,0,0,0,0,0
2,4,1,1,36,11,25,19,25,6,19,8,19,9,10,8
2,4,2,0,22,12,10,8,10,4,6,5,6,6,0,0
3,0,3,1,9,0,9,1,9,8,1,0,1,1,0,0
2,2,2,3,22,12,10,8,10,4,6,2,6,0,6,4
1,4,4,1,40,22,18,13,18,16,2,1,2,2,0,0
0,4,2,4,28,13,15,3,15,1,14,1,14,14,0,0
3,3,2,3,58,6,52,45,52,52,0,0,0,0,0,0
1,2,1,1,30,28,2,0,2,1,1,1,1,0,1,1
4,0,1,1,23,4,19,11,19,15,4,4,4,3,1,0
3,4,4,2,40,22,18,8,18,3,15,6,15,9,6,0
2,4,0,4,60,47,13,6,13,3,10,9,10,4,6,4
2,3,2,2,23,13,10,8,10,6,4,3,4,3,1,0
2,3,0,0,38,0,38,9,38,28,10,2,10,4,6,1
0,2,2,4,21,13,8,8,8,8,0,0,0,0,0,0
2,0,1,1,50,18,32,28,32,13,19,0,19,17,2,0
4,1,1,0,33,21,12,2,12,6,6,4,6,5,1,0
3,2,3,2,25,17,8,2,8,5,3,3,3,3,0,0
4,2,2,0,50,23,27,3,27,22,5,2,5,0,5,2
0,0,0,2,21,8,13,10,13,8,5,2,5,3,2,1
2,1,0,0,13,3,10,7,10,10,0,0,0,0,0,0
0,3,4,3,44,12,32,6,32,13,19,9,19,4,15,14
2,0,0,2,38,14,24,14,24,14,10,5,10,5,5,3
2,1,2,4,28,0,28,12,28,3,25,22,25,3,22,8
4,4,0,0,25,13,12,0,12,4,8,4,8,8,0,0
0,3,2,2,22,9,13,13,13,9,4,2,4,3,1,1
2,1,3,3,26,14,12,2,12,2,10,3,10,0,10,10
1,3,2,4,60,46,14,13,14,11,3,1,3,2,1,0
2,4,0,1,59,1,58,48,58,37,21,18,21,20,1,0
4,4,3,4,15,8,7,4,7,3,4,3,4,3,1,1
0,1,2,4,15,15,0,0,0,0,0,0,0,0,0,0
1,3,3,1,8,0,8,3,8,6,2,1,2,1,1,1
1,1,0,0,2,2,0,0,0,0,0,0,0,0,0,0
4,4,2,4,65,48,17,11,17,14,3,2,3,1,2,0
0,0,3,1,12,4,8,5,8,8,0,0,0,0,0,0
2,2,0,3,57,20,37,12,37,26,11,10,11,7,4,3
3,1,2,3,77,0,77,72,77,32,45,19,45,37,8,2
3,3,0,3,39,37,2,2,2,2,0,0,0,0,0,0
4,0,3,3,52,28,24,22,24,16,8,6,8,7,1,0
2,3,3,0,15,8,7,3,7,3,4,3,4,4,0,0
3,2,0,1,15,9,6,5,6,1,5,1,5,2,3,3
4,4,3,1,45,3,42,3,42,29,13,8,13,6,7,4
0,1,4,3,21,3,18,14,18,18,0,0,0,0,0,0
3,0,0,0,35,33,2,1,2,0,2,2,2,0,2,0
0,2,4,1,39,2,37,12,37,14,23,15,23,0,23,12
3,3,4,1,36,1,35,10,35,11,24,9,24,20,4,4
2,4,4,3,38,13,25,3,25,5,20,7,20,1,19,5
1,3,0,4,61,16,45,22,45,8,37,10,37,2,35,27
3,4,0,4,22,5,17,2,17,1,16,2,16,8,8,1
0,4,3,2,68,25,43,39,43,16,27,1,27,16,11,5
3,0,3,2,26,4,22,16,22,13,9,4,9,0,9,2
2,0,2,0,54,1,53,18,53,35,18,18,18,4,14,13
4,3,1,2,15,11,4,2,4,3,1,0,1,0,1,0
4,0,3,2,40,1,39,11,39,6,33,27,33,28,5,5
2,4,3,3,38,19,19,0,19,5,14,0,14,13,1,0
0,3,1,2,14,4,10,4,10,5,5,5,5,1,4,3
1,2,0,4,62,56,6,6,6,5,1,1,1,0,1,1
4,0,3,4,29,14,15,8,15,2,13,2,13,5,8,4
2,1,1,4,49,28,21,13,21,8,13,10,13,11,2,1
4,2,2,2,38,17,21,8,21,6,15,15,15,3,12,4
4,3,4,4,28,26,2,0,2,0,2,1,2,0,2,1
3,0,1,0,35,11,24,23,24,8,16,5,16,7,9,2
0,0,2,1,85,39,46,0,46,19,27,27,27,7,20,18
3,4,0,3,58,26,32,10,32,28,4,0,4,3,1,1
2,3,1,2,56,27,29,3,29,18,11,2,11,1,10,8
4,3,0,0,25,22,3,0,3,0,3,1,3,2,1,1
1,4,3,3,54,18,36,10,36,25,11,4,11,5,6,3
2,2,2,0,18,1,17,7,17,15,2,0,2,1,1,0
4,4,1,3,37,31,6,3,6,5,1,1,1,1,0,0
4,2,3,4,21,10,11,7,11,0,11,11,11,2,9,8
4,1,2,3,50,19,31,22,31,2,29,9,29,12,17,1
2,3,4,3,6,4,2,2,2,1,1,0,1,0,1,0
0,4,3,3,46,23,23,0,23,3,20,19,20,14,6,3
4,4,1,1,60,34,26,15,26,8,18,11,18,11,7,7
2,2,2,1,53,6,47,30,47,39,8,3,8,8,0,0
2,3,2,4,35,7,28,19,28,13,15,14,15,1,14,12
4,2,3,4,34,1,33,7,33,6,27,6,27,13,14,4
4,3,0,4,26,1,25,16,25,6,19,9,19,11,8,5
1,3,0,4,54,48,6,4,6,1,5,0,5,0,5,4
3,1,3,3,27,23,4,1,4,1,3,0,3,1,2,1
3,3,1,1,40,17,23,11,23,2,21,14,21,8,13,10
3,3,1,1,22,1,21,6,21,18,3,1,3,1,2,2
3,4,3,4,24,22,2,2,2,1,1,0,1,0,1,0
1,3,2,3,58,6,52,45,52,39,13,9,13,4,9,7
0,1,0,1,15,0,15,13,15,14,1,1,1,0,1,0
2,3,0,1,27,21,6,5,6,3,3,3,3,2,1,0
1,3,3,4,24,23,1,1,1,0,1,1,1,1,0,0
0,1,1,0,7,7,0,0,0,0,0,0,0,0,0,0
4,2,2,4,6,1,5,1,5,2,3,2,3,0,3,0
0,3,0,3,72,10,62,28,62,18,44,21,44,35,9,7
2,2,0,1,69,34,35,34,35,19,16,8,16,7,9,2
3,3,0,2,9,7,2,2,2,0,2,0,2,1,1,0
0,2,3,0,25,11,14,6,14,12,2,1,2,0,2,1
4,3,2,4,34,16,18,15,18,5,13,9,13,4,9,5
0,3,3,0,9,2,7,3,7,5,2,1,2,2,0,0
4,4,1,3,23,19,4,4,4,3,1,1,1,0,1,0
2,3,0,2,48,42,6,6,6,4,2,0,2,2,0,0
2,4,2,1,33,10,23,5,23,12,11,7,11,4,7,3
4,0,4,2,49,14,35,15,35,32,3,2,3,2,1,1
2,0,4,2,1,1,0,0,0,0,0,0,0,0,0,0
1,4,4,4,51,34,17,8,17,15,2,1,2,0,2,1
3,0,0,3,26,13,13,4,13,6,7,6,7,6,1,1
2,2,1,0,41,22,19,6,19,16,3,1,3,2,1,0
0,2,2,2,53,37,16,2,16,16,0,0,0,0,0,0
2,2,1,4,29,5,24,15,24,18,6,5,6,2,4,3
1,0,2,1,29,8,21,8,21,16,5,0,5,3,2,2
4,3,0,1,30,30,0,0,0,0,0,0,0,0,0,0
0,4,3,4,11,10,1,1,1,1,0,0,0,0,0,0
3,4,4,2,31,20,11,8,11,7,4,3,4,1,3,0
2,0,0,2,51,32,19,19,19,7,12,1,12,8,4,0
0,2,2,4,9,9,0,0,0,0,0,0,0,0,0,0
0,0,0,0,40,30,10,5,10,3,7,1,7,2,5,1
3,3,3,4,32,11,21,20,21,7,14,8,14,2,12,9
4,4,4,1,29,14,15,7,15,2,13,1,13,9,4,4
3,2,0,0,53,21,32,25,32,10,22,14,22,5,17,2
3,1,0,4,11,4,7,1,7,4,3,2,3,0,3,3
1,2,0,2,53,9,44,38,44,42,2,2,2,2,0,0
0,3,0,3,31,27,4,3,4,0,4,4,4,3,1,0
1,3,0,1,54,12,42,14,42,0,42,21,42,42,0,0
1,4,3,3,37,27,10,4,10,8,2,1,2,0,2,1
2,3,2,2,35,9,26,0,26,19,7,0,7,3,4,2
3,3,3,2,66,45,21,16,21,6,15,0,15,14,1,0
3,4,3,3,31,3,28,0,28,17,11,10,11,0,11,1
2,2,1,3,18,16,2,2,2,0,2,2,2,0,2,1
1,1,1,3,40,28,12,4,12,11,1,1,1,1,0,0
2,2,4,3,48,17,31,1,31,6,25,5,25,10,15,0
1,4,4,1,30,5,25,4,25,23,2,1,2,2,0,0
4,1,3,0,30,16,14,0,14,13,1,0,1,1,0,0
1,1,0,2,48,1,47,34,47,14,33,11,33,30,3,0
3,3,0,2,22,19,3,3,3,2,1,0,1,0,1,0
4,3,4,3,39,3,36,1,36,33,3,0,3,3,0,0
1,3,3,1,4,1,3,0,3,0,3,0,3,1,2,2
3,2,1,1,59,2,57,41,57,8,49,43,49,42,7,0
4,2,4,2,25,10,15,8,15,10,5,4,5,2,3,3
1,2,0,3,26,9,17,9,17,13,4,4,4,1,3,3
3,1,1,3,43,41,2,0,2,1,1,1,1,0,1,1
1,2,4,4,18,18,0,0,0,0,0,0,0,0,0,0
1,0,3,1,71,13,58,24,58,50,8,8,8,1,7,3
3,4,0,0,32,0,32,31,32,16,16,3,16,15,1,0
1,3,4,0,35,19,16,14,16,6,10,7,10,0,10,5
4,1,1,3,15,1,14,0,14,7,7,7,7,0,7,2
4,0,2,0,37,1,36,33,36,18,18,11,18,13,5,2
2,2,2,3,33,5,28,12,28,4,24,18,24,21,3,3
2,3,2,2,40,23,17,8,17,5,12,9,12,8,4,3
3,1,2,4,27,6,21,13,21,7,14,12,14,11,3,1
3,0,3,1,22,11,11,8,11,5,6,2,6,0,6,1
3,2,0,3,39,28,11,7,11,7,4,1,4,2,2,0
3,2,1,3,52,41,11,3,11,4,7,0,7,7,0,0
2,1,2,2,73,0,73,43,73,53,20,20,20,11,9,8
3,4,2,2,14,2,12,4,12,3,9,1,9,9,0,0
3,0,3,0,26,1,25,5,25,2,23,7,23,8,15,9
0,1,4,3,45,21,24,13,24,3,21,17,21,9,12,0
3,1,4,1,49,6,43,23,43,7,36,32,36,11,25,6
3,1,3,4,8,7,1,1,1,1,0,0,0,0,0,0
2,0,1,3,47,33,14,13,14,3,11,7,11,9,2,2
1,0,0,1,33,28,5,4,5,3,2,0,2,0,2,1
0,4,4,1,36,27,9,5,9,8,1,0,1,0,1,1
1,4,2,4,20,10,10,1,10,9,1,0,1,0,1,1
2,3,2,4,33,19,14,1,14,5,9,3,9,0,9,6
3,2,0,3,27,27,0,0,0,0,0,0,0,0,0,0
3,4,4,3,18,6,12,11,12,7,5,0,5,2,3,1
2,3,2,3,2,0,2,1,2,0,2,0,2,1,1,0
1,1,1,0,12,0,12,0,12,8,4,4,4,1,3,1
4,1,0,3,38,3,35,7,35,17,18,11,18,11,7,2
3,3,4,0,9,8,1,1,1,0,1,0,1,1,0,0
2,2,4,3,34,26,8,5,8,3,5,1,5,4,1,1
1,2,3,2,67,26,41,19,41,2,39,39,39,4,35,33
1,3,1,0,43,13,30,11,30,12,18,10,18,9,9,4
2,3,2,2,64,58,6,4,6,5,1,1,1,0,1,1
4,3,3,4,7,0,7,2,7,4,3,0,3,1,2,1
4,3,4,0,50,23,27,5,27,20,7,4,7,4,3,0
2,2,1,4,14,7,7,7,7,6,1,1,1,0,1,1
0,2,3,3,34,19,15,0,15,9,6,4,6,2,4,4
4,1,4,0,63,36,27,21,27,18,9,1,9,5,4,3
4,4,3,0,23,5,18,7,18,1,17,17,17,12,5,0
0,2,2,2,48,13,35,35,35,9,26,0,26,2,24,16
1,1,4,3,63,4,59,49,59,0,59,56,59,22,37,10
1,2,2,0,30,8,22,10,22,0,22,14,22,4,18,2
1,0,0,3,40,23,17,6,17,16,1,1,1,1,0,0
4,2,4,4,42,23,19,17,19,8,11,5,11,6,5,1
3,1,0,0,17,17,0,0,0,0,0,0,0,0,0,0
4,0,2,1,55,29,26,0,26,11,15,8,15,7,8,2
0,2,4,4,24,18,6,0,6,3,3,0,3,1,2,2
0,2,1,4,46,29,17,1,17,0,17,5,17,7,10,6
3,1,0,3,43,29,14,14,14,9,5,0,5,1,4,2
4,1,4,3,53,44,9,3,9,1,8,7,8,2,6,4
2,3,4,0,33,7,26,15,26,24,2,1,2,2,0,0
3,1,2,3,27,18,9,2,9,7,2,0,2,2,0,0
4,0,1,4,27,21,6,0,6,3,3,1,3,1,2,0
4,3,3,3,40,19,21,10,21,5,16,7,16,8,8,1
0,3,2,2,23,9,14,1,14,6,8,1,8,1,7,3
1,4,2,4,35,25,10,10,10,4,6,2,6,3,3,0
3,2,1,4,17,1,16,12,16,0,16,9,16,6,10,1
4,0,2,2,25,12,13,7,13,2,11,8,11,4,7,3
0,4,4,0,63,9,54,33,54,43,11,3,11,8,3,3
0,2,3,3,62,39,23,20,23,17,6,4,6,3,3,3
4,0,4,4,27,16,11,1,11,0,11,11,11,8,3,1
2,3,1,0,9,9,0,0,0,0,0,0,0,0,0,0
0,0,0,1,8,8,0,0,0,0,0,0,0,0,0,0
2,0,0,1,27,6,21,14,21,13,8,8,8,0,8,4
4,3,2,3,10,9,1,0,1,1,0,0,0,0,0,0
0,3,0,4,46,40,6,1,6,0,6,5,6,0,6,3
0,4,3,4,16,2,14,10,14,7,7,0,7,6,1,1
1,2,3,4,33,21,12,8,12,0,12,12,12,3,9,4
3,4,2,4,66,48,18,1,18,16,2,1,2,2,0,0
2,0,2,0,58,14,44,14,44,37,7,5,7,2,5,4
2,1,1,0,24,6,18,8,18,12,6,0,6,2,4,1
2,2,0,0,29,11,18,9,18,12,6,6,6,2,4,3
1,4,1,1,21,6,15,9,15,9,6,2,6,3,3,0
4,2,4,2,47,30,17,12,17,2,15,3,15,4,11,6
1,0,4,2,42,29,13,1,13,8,5,3,5,5,0,0
1,1,0,0,30,21,9,3,9,6,3,3,3,2,1,1
2,2,3,0,37,19,18,16,18,16,2,1,2,1,1,1
1,1,2,2,40,19,21,16,21,20,1,1,1,0,1,0
2,3,4,1,4,1,3,0,3,0,3,2,3,3,0,0
4,2,2,0,33,27,6,5,6,5,1,1,1,0,1,0
0,3,3,2,5,5,0,0,0,0,0,0,0,0,0,0
0,1,4,1,11,10,1,1,1,0,1,0,1,1,0,0
1,0,3,2,29,9,20,5,20,10,10,10,10,5,5,2
4,3,3,4,4,4,0,0,0,0,0,0,0,0,0,0
0,4,4,1,45,20,25,18,25,15,10,10,10,2,8,0
0,0,0,3,17,11,6,4,6,6,0,0,0,0,0,0
0,1,1,1,37,33,4,4,4,1,3,0,3,1,2,0
2,2,0,4,59,36,23,16,23,1,22,9,22,18,4,0
4,3,0,2,17,3,14,12,14,4,10,10,10,4,6,3
4,0,1,1,66,16,50,2,50,14,36,17,36,24,12,1
2,1,3,2,6,2,4,4,4,0,4,0,4,4,0,0
2,0,1,0,5,2,3,0,3,2,1,0,1,0,1,0
3,4,0,0,55,23,32,18,32,15,17,8,17,9,8,6
0,3,4,1,64,7,57,9,57,30,27,0,27,3,24,7
4,2,1,1,20,1,19,7,19,6,13,2,13,2,11,7
3,1,0,1,25,2,23,18,23,19,4,1,4,1,3,3
3,3,2,3,18,9,9,0,9,2,7,3,7,0,7,2
0,1,0,0,40,8,32,32,32,17,15,11,15,5,10,4
4,2,4,4,44,44,0,0,0,0,0,0,0,0,0,0
1,4,4,2,10,5,5,0,5,3,2,0,2,1,1,0
0,0,3,1,21,3,18,10,18,4,14,12,14,12,2,1
3,1,3,4,36,29,7,7,7,0,7,0,7,5,2,1
1,3,0,4,7,2,5,0,5,2,3,1,3,1,2,1
1,4,4,4,4,4,0,0,0,0,0,0,0,0,0,0
2,0,0,3,43,11,32,30,32,15,17,2,17,11,6,0
4,0,4,4,37,17,20,0,20,19,1,1,1,0,1,0
0,2,0,4,52,4,48,29,48,25,23,23,23,7,16,15
0,4,0,0,21,5,16,2,16,9,7,3,7,5,2,0
2,0,3,1,49,4,45,1,45,8,37,15,37,21,16,6
2,3,2,3,33,23,10,6,10,2,8,2,8,7,1,0
4,1,3,1,35,28,7,4,7,7,0,0,0,0,0,0
0,3,0,4,45,0,45,5,45,32,13,4,13,13,0,0
2,2,3,2,26,8,18,16,18,18,0,0,0,0,0,0
0,4,3,3,22,2,20,16,20,12,8,0,8,6,2,2
3,1,4,2,21,20,1,0,1,1,0,0,0,0,0,0
1,2,0,0,19,3,16,2,16,7,9,6,9,5,4,0
2,4,0,3,42,0,42,15,42,7,35,4,35,22,13,9
2,0,0,3,44,44,0,0,0,0,0,0,0,0,0,0
2,4,3,2,23,7,16,8,16,0,16,9,16,13,3,2
4,4,0,1,20,9,11,11,11,0,11,9,11,10,1,1
4,2,4,3,10,9,1,0,1,0,1,0,1,0,1,0
3,3,2,3,11,11,0,0,0,0,0,0,0,0,0,0
1,0,2,0,11,6,5,5,5,4,1,1,1,1,0,0
0,1,3,2,28,26,2,1,2,1,1,0,1,1,0,0
3,4,4,0,19,7,12,1,12,6,6,5,6,3,3,2
0,3,0,1,18,3,15,8,15,0,15,9,15,12,3,2
0,0,2,2,57,27,30,0,30,12,18,3,18,16,2,1
3,2,2,4,21,5,16,3,16,8,8,7,8,2,6,0
0,1,2,3,57,2,55,5,55,33,22,9,22,4,18,9
3,0,2,1,23,16,7,2,7,5,2,0,2,1,1,0
4,1,3,0,45,38,7,3,7,5,2,2,2,0,2,1
1,3,1,3,54,11,43,1,43,38,5,1,5,0,5,4
3,0,2,3,52,23,29,16,29,0,29,7,29,4,25,13
2,1,3,1,7,2,5,4,5,0,5,5,5,2,3,1
1,4,2,4,36,15,21,14,21,20,1,0,1,0,1,1
0,4,4,0,18,4,14,11,14,14,0,0,0,0,0,0
3,1,2,1,25,3,22,1,22,17,5,3,5,5,0,0
3,3,0,3,1,0,1,0,1,1,0,0,0,0,0,0
4,0,3,3,23,23,0,0,0,0,0,0,0,0,0,0
0,1,0,0,26,16,10,7,10,5,5,4,5,1,4,2
2,3,4,2,15,6,9,4,9,0,9,8,9,1,8,6
4,2,3,3,55,51,4,3,4,4,0,0,0,0,0,0
4,2,2,3,52,45,7,5,7,1,6,3,6,1,5,0
2,4,4,2,25,2,23,23,23,2,21,0,21,16,5,1
3,4,1,0,21,7,14,5,14,9,5,3,5,0,5,5
3,0,0,0,29,8,21,14,21,20,1,1,1,1,0,0
3,1,4,2,22,15,7,5,7,6,1,0,1,0,1,1
2,2,2,3,48,44,4,3,4,3,1,1,1,1,0,0
2,1,1,2,36,34,2,1,2,0,2,1,2,1,1,0
0,2,3,4,61,29,32,0,32,21,11,6,11,0,11,0
1,4,4,0,10,7,3,1,3,3,0,0,0,0,0,0
1,2,3,0,58,30,28,24,28,12,16,13,16,6,10,10
4,1,3,2,49,44,5,3,5,2,3,3,3,0,3,2
1,2,2,4,34,30,4,2,4,4,0,0,0,0,0,0
0,1,4,1,16,5,11,2,11,0,11,8,11,4,7,2
3,3,3,2,12,6,6,0,6,4,2,1,2,1,1,1
3,1,4,0,51,8,43,21,43,8,35,25,35,28,7,2
0,3,2,3,30,27,3,1,3,1,2,2,2,0,2,2
1,1,0,0,38,14,24,15,24,14,10,5,10,10,0,0
1,2,1,3,32,10,22,0,22,10,12,0,12,3,9,7
0,3,3,3,29,7,22,6,22,10,12,2,12,1,11,5
0,2,0,1,34,29,5,0,5,0,5,4,5,1,4,2
4,0,2,3,17,16,1,1,1,0,1,0,1,1,0,0
4,1,4,0,55,1,54,35,54,5,49,25,49,8,41,27
0,0,0,2,8,5,3,0,3,0,3,2,3,1,2,1
0,0,2,1,14,14,0,0,0,0,0,0,0,0,0,0
1,3,3,4,18,7,11,1,11,6,5,0,5,4,1,1
3,2,4,1,38,10,28,9,28,25,3,0,3,1,2,1
1,0,2,4,26,5,21,1,21,11,10,4,10,2,8,3
2,4,0,3,4,4,0,0,0,0,0,0,0,0,0,0
3,4,1,4,24,10,14,2,14,7,7,3,7,0,7,5
0,3,2,1,42,0,42,22,42,3,39,31,39,22,17,16
4,2,0,0,54,41,13,5,13,13,0,0,0,0,0,0
4,0,3,3,24,16,8,5,8,7,1,0,1,1,0,0
2,4,1,2,31,18,13,2,13,11,2,2,2,1,1,0
0,2,3,2,16,12,4,1,4,2,2,1,2,2,0,0
0,2,3,2,25,13,12,1,12,3,9,1,9,8,1,1
1,2,3,3,28,12,16,0,16,5,11,5,11,8,3,3
4,4,1,2,39,34,5,3,5,3,2,1,2,0,2,1
1,2,1,1,82,53,29,5,29,16,13,10,13,9,4,1
2,0,3,0,13,8,5,5,5,5,0,0,0,0,0,0
1,2,1,0,66,25,41,41,41,0,41,12,41,34,7,1
1,2,0,2,41,32,9,6,9,5,4,3,4,4,0,0
3,2,0,2,13,2,11,3,11,10,1,0,1,1,0,0
2,0,3,4,54,32,22,6,22,3,19,11,19,13,6,2
4,3,4,3,38,6,32,6,32,20,12,2,12,1,11,2
4,0,0,0,16,7,9,0,9,6,3,3,3,0,3,0
1,1,3,3,39,26,13,13,13,7,6,1,6,1,5,4
4,0,4,0,31,1,30,8,30,6,24,0,24,8,16,12
0,1,2,4,7,2,5,3,5,3,2,2,2,2,0,0
4,2,0,2,32,5,27,8,27,16,11,3,11,3,8,7
4,3,0,2,12,1,11,1,11,2,9,5,9,3,6,2
1,2,1,3,4,0,4,0,4,0,4,1,4,1,3,2
4,1,4,0,58,41,17,4,17,6,11,8,11,8,3,2
4,2,0,1,28,9,19,16,19,14,5,4,5,0,5,2
1,4,2,0,51,23,28,1,28,11,17,13,17,12,5,0
2,4,1,2,58,21,37,15,37,7,30,6,30,16,14,5
1,0,4,0,13,4,9,4,9,9,0,0,0,0,0,0
3,0,1,0,42,20,22,2,22,17,5,1,5,2,3,3
0,0,3,2,31,20,11,5,11,7,4,1,4,0,4,2
0,1,3,0,34,31,3,3,3,3,0,0,0,0,0,0
2,4,4,0,71,50,21,17,21,4,17,15,17,6,11,11
1,0,3,4,43,22,21,0,21,19,2,2,2,0,2,1
2,2,4,1,11,11,0,0,0,0,0,0,0,0,0,0
3,4,4,0,0,0,0,0,0,0,0,0,0,0,0,0
0,1,3,2,46,26,20,6,20,19,1,0,1,0,1,0
2,3,4,2,29,15,14,8,14,2,12,11,12,0,12,10
3,4,3,1,17,1,16,6,16,8,8,8,8,8,0,0
2,1,2,3,43,3,40,13,40,0,40,5,40,12,28,27
2,2,2,1,5,1,4,0,4,3,1,1,1,1,0,0
4,1,1,4,11,2,9,8,9,5,4,2,4,0,4,4
2,3,0,0,27,8,19,9,19,7,12,4,12,4,8,7
4,2,1,2,82,62,20,13,20,5,15,7,15,10,5,5
2,4,2,1,13,8,5,2,5,0,5,3,5,1,4,3
2,1,1,2,37,25,12,4,12,10,2,0,2,2,0,0
4,4,0,4,54,45,9,4,9,3,6,5,6,0,6,0
3,2,0,2,47,29,18,1,18,9,9,8,9,2,7,0
4,3,2,3,25,17,8,0,8,8,0,0,0,0,0,0
1,2,1,4,58,29,29,22,29,15,14,12,14,12,2,0
2,2,1,1,44,30,14,14,14,6,8,7,8,8,0,0
4,4,1,1,21,19,2,2,2,1,1,1,1,0,1,0
4,3,4,0,37,11,26,8,26,10,16,10,16,5,11,8
1,2,1,1,39,37,2,0,2,2,0,0,0,0,0,0
1,0,0,0,45,23,22,12,22,11,11,7,11,10,1,0
0,2,2,0,10,8,2,1,2,1,1,0,1,0,1,1
4,4,1,2,51,37,14,5,14,10,4,0,4,3,1,0
2,2,0,1,50,4,46,18,46,4,42,0,42,20,22,13
2,2,2,1,30,4,26,5,26,16,10,6,10,8,2,1
3,2,3,1,28,10,18,15,18,13,5,0,5,4,1,1
3,1,4,4,24,2,22,6,22,14,8,6,8,3,5,0
1,0,2,2,11,0,11,10,11,8,3,2,3,2,1,0
2,0,3,3,81,47,34,12,34,15,19,7,19,3,16,15
2,0,2,4,55,12,43,3,43,37,6,5,6,6,0,0
3,4,3,2,12,12,0,0,0,0,0,0,0,0,0,0
0,0,2,0,25,22,3,1,3,0,3,2,3,0,3,3
0,1,3,1,27,2,25,4,25,0,25,11,25,6,19,0
1,0,3,0,37,12,25,3,25,2,23,21,23,7,16,7
2,1,2,4,33,26,7,4,7,0,7,1,7,2,5,5
4,0,3,0,46,34,12,12,12,2,10,0,10,3,7,3
4,2,2,3,27,2,25,3,25,14,11,3,11,7,4,2
2,0,2,0,21,18,3,3,3,3,0,0,0,0,0,0
4,0,3,4,35,6,29,14,29,25,4,1,4,1,3,2
2,1,0,0,41,1,40,0,40,29,11,8,11,11,0,0
3,0,1,2,67,34,33,5,33,4,29,7,29,12,17,17
1,4,0,4,21,18,3,0,3,1,2,2,2,2,0,0
4,2,0,4,33,11,22,15,22,10,12,9,12,9,3,3
2,0,3,2,35,19,16,6,16,7,9,9,9,3,6,5
3,1,2,4,13,13,0,0,0,0,0,0,0,0,0,0
2,3,3,1,34,26,8,8,8,6,2,2,2,2,0,0
2,1,3,2,28,10,18,10,18,5,13,0,13,6,7,0
1,0,4,4,17,7,10,1,10,7,3,2,3,0,3,0
2,2,2,4,3,3,0,0,0,0,0,0,0,0,0,0
1,3,0,2,3,1,2,2,2,1,1,0,1,0,1,1
1,1,0,2,22,15,7,5,7,1,6,3,6,1,5,0
3,3,0,4,27,26,1,1,1,1,0,0,0,0,0,0
4,0,3,2,43,43,0,0,0,0,0,0,0,0,0,0
2,3,4,4,26,6,20,16,20,19,1,1,1,1,0,0
1,2,4,4,65,43,22,0,22,9,13,2,13,7,6,3
3,2,0,4,40,25,15,1,15,7,8,1,8,0,8,7
3,3,3,1,60,60,0,0,0,0,0,0,0,0,0,0
0,0,1,3,78,37,41,12,41,21,20,18,20,14,6,5
2,2,2,2,51,43,8,0,8,8,0,0,0,0,0,0
1,2,1,3,39,1,38,30,38,2,36,29,36,18,18,9
3,2,4,2,17,11,6,4,6,1,5,5,5,4,1,1
2,1,2,4,6,3,3,3,3,1,2,0,2,1,1,1
1,0,1,2,47,20,27,4,27,21,6,0,6,3,3,1
2,1,3,4,15,8,7,3,7,2,5,2,5,2,3,2
1,0,1,1,35,8,27,7,27,9,18,6,18,9,9,9
0,3,4,1,46,21,25,0,25,23,2,0,2,2,0,0
3,2,2,1,49,45,4,0,4,0,4,2,4,0,4,3
1,2,3,4,49,1,48,9,48,22,26,13,26,12,14,10
4,3,1,0,36,28,8,4,8,4,4,1,4,3,1,1
3,3,0,1,31,29,2,0,2,1,1,0,1,0,1,1
0,2,0,3,37,20,17,15,17,5,12,7,12,6,6,1
3,1,3,2,60,25,35,3,35,13,22,13,22,17,5,1
2,3,4,3,6,2,4,3,4,0,4,3,4,2,2,1
4,3,2,4,71,55,16,1,16,16,0,0,0,0,0,0
2,1,4,4,41,30,11,4,11,6,5,5,5,2,3,3
2,1,1,3,38,15,23,3,23,6,17,8,17,1,16,14
3,0,3,0,7,0,7,4,7,4,3,2,3,0,3,1
2,1,0,2,23,21,2,1,2,1,1,1,1,1,0,0
3,3,3,2,19,6,13,0,13,4,9,4,9,5,4,3
3,0,2,4,34,5,29,7,29,26,3,0,3,0,3,2
2,0,2,1,20,9,11,1,11,10,1,0,1,0,1,1
2,3,1,4,39,4,35,31,35,31,4,4,4,4,0,0
3,2,0,4,90,42,48,12,48,18,30,6,30,9,21,16
0,2,3,4,36,12,24,13,24,18,6,4,6,5,1,0
4,3,4,1,32,6,26,16,26,19,7,0,7,2,5,2
2,3,4,0,6,5,1,0,1,1,0,0,0,0,0,0
2,4,4,0,21,9,12,10,12,9,3,3,3,1,2,2
0,1,3,0,42,5,37,8,37,18,19,12,19,14,5,5
0,2,2,3,73,58,15,8,15,12,3,3,3,2,1,0
2,3,4,4,48,34,14,0,14,3,11,2,11,3,8,2
3,2,3,0,53,46,7,5,7,7,0,0,0,0,0,0
4,0,1,1,23,8,15,7,15,7,8,3,8,1,7,4
3,4,3,3,42,5,37,12,37,11,26,8,26,15,11,11
1,3,0,1,55,18,37,8,37,36,1,0,1,0,1,0
4,0,4,3,28,1,27,25,27,5,22,18,22,22,0,0
1,0,3,2,12,12,0,0,0,0,0,0,0,0,0,0
2,3,1,2,31,14,17,12,17,2,15,7,15,8,7,4
4,3,2,1,36,34,2,0,2,0,2,0,2,1,1,0
0,2,1,4,46,38,8,4,8,5,3,2,3,1,2,0
4,1,1,2,52,4,48,13,48,40,8,5,8,6,2,1
3,2,4,1,44,28,16,5,16,16,0,0,0,0,0,0
4,4,2,3,30,30,0,0,0,0,0,0,0,0,0,0
0,0,2,3,18,17,1,1,1,0,1,0,1,1,0,0
0,1,0,4,20,12,8,2,8,3,5,3,5,0,5,1
1,2,0,3,5,5,0,0,0,0,0,0,0,0,0,0
1,1,3,1,22,1,21,15,21,15,6,5,6,4,2,1
3,1,2,4,46,37,9,4,9,2,7,4,7,3,4,1
0,4,4,4,2,0,2,1,2,1,1,1,1,1,0,0
2,0,3,3,45,35,10,9,10,2,8,4,8,6,2,1
3,1,2,0,30,6,24,23,24,24,0,0,0,0,0,0
0,1,4,3,33,5,28,1,28,0,28,21,28,4,24,18
4,0,2,0,50,28,22,4,22,0,22,11,22,14,8,8
4,1,1,4,7,0,7,5,7,4,3,0,3,2,1,1
0,4,3,2,20,20,0,0,0,0,0,0,0,0,0,0
4,1,0,0,5,2,3,1,3,3,0,0,0,0,0,0
4,4,0,3,18,11,7,1,7,2,5,4,5,2,3,2
2,4,0,0,6,2,4,3,4,3,1,1,1,0,1,1
0,2,2,3,28,14,14,5,14,5,9,9,9,7,2,1
0,2,3,3,44,38,6,4,6,5,1,0,1,0,1,1
1,0,1,4,35,7,28,12,28,12,16,16,16,14,2,1
0,0,4,3,30,14,16,2,16,7,9,6,9,2,7,1
3,2,3,1,62,29,33,20,33,20,13,7,13,10,3,2
1,3,2,2,45,28,17,17,17,15,2,1,2,2,0,0
3,4,0,4,40,11,29,21,29,11,18,1,18,14,4,3
4,0,1,3,36,20,16,6,16,10,6,1,6,6,0,0
0,3,0,3,44,5,39,5,39,18,21,21,21,2,19,2
4,1,4,0,18,5,13,8,13,1,12,12,12,12,0,0
0,0,0,4,23,17,6,4,6,3,3,3,3,0,3,3
3,0,2,1,13,4,9,7,9,9,0,0,0,0,0,0
4,4,1,1,37,35,2,2,2,0,2,2,2,1,1,1
4,3,2,0,70,11,59,23,59,16,43,30,43,37,6,2
3,1,2,2,77,75,2,0,2,2,0,0,0,0,0,0
4,4,1,2,68,15,53,52,53,4,49,7,49,33,16,8
4,2,4,2,30,3,27,17,27,19,8,8,8,8,0,0
0,3,2,3,47,9,38,36,38,2,36,26,36,20,16,16
2,4,1,0,28,16,12,5,12,6,6,3,6,5,1,1
1,0,2,3,17,11,6,2,6,5,1,0,1,0,1,0
3,2,4,1,4,2,2,1,2,2,0,0,0,0,0,0
4,3,1,1,28,9,19,0,19,15,4,4,4,3,1,1
0,4,2,2,32,17,15,13,15,0,15,13,15,6,9,5
0,4,1,4,4,2,2,1,2,0,2,1,2,0,2,2
2,3,1,2,35,24,11,11,11,2,9,3,9,9,0,0
0,1,0,4,21,4,17,1,17,4,13,1,13,2,11,10
0,3,1,2,30,14,16,10,16,8,8,2,8,3,5,5
1,1,4,4,16,9,7,4,7,3,4,0,4,0,4,4
2,2,0,2,15,11,4,1,4,4,0,0,0,0,0,0
0,2,0,0,13,7,6,0,6,5,1,1,1,0,1,1
0,0,3,3,47,33,14,0,14,11,3,0,3,2,1,1
0,2,4,1,39,6,33,19,33,30,3,3,3,2,1,0
2,4,0,2,24,4,20,9,20,10,10,8,10,8,2,0
3,2,1,1,42,38,4,0,4,3,1,1,1,0,1,1
0,0,4,0,47,47,0,0,0,0,0,0,0,0,0,0
2,1,4,3,51,51,0,0,0,0,0,0,0,0,0,0
4,3,2,1,16,11,5,5,5,4,1,0,1,0,1,0
0,1,3,3,10,2,8,2,8,3,5,0,5,0,5,1
2,1,3,2,64,4,60,29,60,46,14,14,14,11,3,1
0,0,0,3,6,0,6,0,6,2,4,0,4,3,1,1
1,3,3,1,35,21,14,8,14,14,0,0,0,0,0,0
4,1,4,2,35,11,24,4,24,14,10,4,10,8,2,0
4,0,0,4,33,18,15,6,15,9,6,2,6,1,5,2
4,2,3,1,64,50,14,12,14,1,13,2,13,5,8,6
1,0,4,4,53,12,41,22,41,8,33,15,33,8,25,7
3,4,2,0,57,2,55,49,55,42,13,1,13,2,11,1
1,4,4,3,17,10,7,4,7,7,0,0,0,0,0,0
0,0,1,2,24,12,12,10,12,9,3,0,3,0,3,1
4,3,1,3,40,9,31,13,31,23,8,2,8,5,3,0
2,2,0,3,31,29,2,2,2,2,0,0,0,0,0,0
1,1,4,2,47,23,24,16,24,8,16,15,16,0,16,2
0,3,0,1,71,10,61,0,61,28,33,12,33,19,14,9
4,2,4,0,38,24,14,3,14,1,13,9,13,1,12,3
3,3,3,1,71,27,44,33,44,30,14,11,14,5,9,4
3,3,2,3,23,0,23,1,23,6,17,9,17,16,1,0
1,0,0,2,35,29,6,3,6,3,3,3,3,2,1,0
0,0,2,4,26,20,6,1,6,2,4,3,4,1,3,0
3,4,1,4,21,4,17,13,17,16,1,0,1,0,1,0
0,4,3,2,26,3,23,9,23,22,1,1,1,1,0,0
1,1,3,1,61,22,39,5,39,30,9,6,9,2,7,5
2,3,4,3,41,32,9,3,9,4,5,3,5,3,2,1
2,2,2,2,26,10,16,15,16,6,10,8,10,10,0,0
2,2,4,0,9,8,1,0,1,1,0,0,0,0,0,0
1,2,3,4,46,20,26,1,26,7,19,1,19,10,9,3
0,0,1,0,23,5,18,9,18,4,14,14,14,3,11,0
0,4,2,3,82,64,18,7,18,17,1,0,1,1,0,0
3,2,2,0,41,11,30,19,30,5,25,5,25,14,11,7
4,4,2,2,24,1,23,18,23,13,10,4,10,5,5,3
0,1,3,3,25,15,10,5,10,10,0,0,0,0,0,0
2,4,2,0,37,23,14,12,14,6,8,3,8,0,8,7
0,4,2,3,34,10,24,13,24,2,22,4,22,0,22,2
0,4,1,1,43,43,0,0,0,0,0,0,0,0,0,0
4,4,3,3,69,5,64,2,64,22,42,42,42,30,12,2
0,4,0,4,39,28,11,9,11,2,9,2,9,5,4,1
2,2,1,4,7,2,5,4,5,1,4,1,4,0,4,2
1,4,4,4,84,67,17,11,17,5,12,0,12,1,11,0
3,4,2,0,38,26,12,8,12,12,0,0,0,0,0,0
0,2,3,3,3,2,1,1,1,0,1,0,1,0,1,1
2,3,1,0,7,6,1,1,1,0,1,1,1,0,1,1
0,3,1,2,74,34,40,5,40,11,29,4,29,15,14,3
3,0,4,2,10,6,4,4,4,3,1,1,1,1,0,0
1,0,2,0,15,0,15,2,15,6,9,4,9,8,1,1
4,0,1,0,48,20,28,7,28,4,24,6,24,11,13,7
4,1,0,4,24,11,13,8,13,8,5,1,5,1,4,3
1,1,2,2,45,45,0,0,0,0,0,0,0,0,0,0
4,0,0,2,52,45,7,1,7,0,7,0,7,1,6,4
1,3,0,2,50,15,35,27,35,25,10,6,10,6,4,2
2,2,1,4,37,4,33,11,33,4,29,10,29,17,12,12
0,2,1,0,69,68,1,0,1,1,0,0,0,0,0,0
4,4,3,0,38,38,0,0,0,0,0,0,0,0,0,0
3,2,4,0,29,24,5,0,5,4,1,0,1,1,0,0
0,1,2,1,32,3,29,16,29,20,9,0,9,6,3,1
3,4,1,0,17,12,5,1,5,5,0,0,0,0,0,0
4,4,2,1,17,8,9,5,9,4,5,2,5,2,3,1
0,2,3,0,51,48,3,1,3,2,1,0,1,0,1,0
4,2,1,0,35,5,30,14,30,25,5,0,5,2,3,3
3,4,3,0,46,34,12,2,12,3,9,5,9,6,3,1
1,2,3,3,16,16,0,0,0,0,0,0,0,0,0,0
4,0,0,4,43,15,28,20,28,16,12,5,12,1,11,8
0,0,3,0,35,14,21,18,21,11,10,4,10,3,7,1
1,4,4,4,36,0,36,18,36,0,36,13,36,23,13,4
1,1,3,1,45,20,25,6,25,11,14,2,14,1,13,7
4,1,4,0,28,19,9,5,9,3,6,6,6,6,0,0
4,1,2,1,0,0,0,0,0,0,0,0,0,0,0,0
1,1,0,1,52,13,39,10,39,36,3,1,3,3,0,0
0,2,0,3,9,6,3,2,3,2,1,1,1,1,0,0
3,1,0,4,48,12,36,28,36,7,29,13,29,18,11,10
4,3,4,1,26,18,8,3,8,3,5,0,5,1,4,2
0,4,2,4,20,8,12,11,12,1,11,5,11,1,10,6
4,4,0,4,3,2,1,0,1,0,1,1,1,1,0,0
1,2,2,0,48,36,12,10,12,12,0,0,0,0,0,0
3,1,2,1,1,0,1,1,1,1,0,0,0,0,0,0
4,0,4,4,13,2,11,3,11,0,11,1,11,9,2,2
1,1,1,0,24,20,4,4,4,4,0,0,0,0,0,0
0,0,3,0,39,31,8,7,8,4,4,3,4,3,1,0
3,4,2,0,43,36,7,7,7,7,0,0,0,0,0,0
1,4,4,3,0,0,0,0,0,0,0,0,0,0,0,0
3,2,2,2,25,14,11,8,11,3,8,5,8,8,0,0
3,4,2,4,37,37,0,0,0,0,0,0,0,0,0,0
3,0,4,4,34,12,22,15,22,1,21,0,21,2,19,10
0,4,4,3,68,0,68,34,68,55,13,6,13,8,5,3
0,2,4,4,11,11,0,0,0,0,0,0,0,0,0,0
0,3,4,2,19,19,0,0,0,0,0,0,0,0,0,0
2,4,2,1,71,46,25,14,25,3,22,2,22,22,0,0
3,2,2,2,29,2,27,0,27,0,27,14,27,22,5,4
4,0,1,1,5,2,3,2,3,2,1,1,1,0,1,0
0,0,1,0,7,3,4,1,4,0,4,4,4,2,2,1
1,0,0,1,23,13,10,0,10,8,2,2,2,2,0,0
0,2,4,0,32,25,7,4,7,7,0,0,0,0,0,0
0,0,1,0,39,9,30,24,30,14,16,6,16,11,5,5
1,3,4,0,8,5,3,2,3,1,2,0,2,2,0,0
2,4,3,2,24,11,13,2,13,11,2,0,2,0,2,2
2,3,1,3,34,21,13,4,13,8,5,1,5,0,5,2
4,0,3,3,38,33,5,5,5,5,0,0,0,0,0,0
3,0,3,4,19,16,3,1,3,2,1,1,1,1,0,0
2,1,0,4,38,4,34,22,34,34,0,0,0,0,0,0
1,1,1,4,56,55,1,0,1,1,0,0,0,0,0,0
0,2,2,3,25,14,11,2,11,11,0,0,0,0,0,0
3,4,0,4,23,3,20,15,20,10,10,9,10,8,2,1
1,2,1,1,7,2,5,0,5,2,3,2,3,1,2,2
4,0,0,4,17,0,17,11,17,8,9,5,9,2,7,4
0,3,3,0,53,35,18,11,18,16,2,2,2,0,2,0
2,3,2,1,38,15,23,11,23,14,9,8,9,2,7,2
3,0,0,1,29,0,29,29,29,16,13,6,13,10,3,3
3,4,0,2,23,7,16,16,16,15,1,1,1,1,0,0
2,0,0,2,30,19,11,7,11,1,10,5,10,4,6,3
2,4,2,4,37,22,15,8,15,1,14,2,14,10,4,3
4,4,0,2,19,3,16,5,16,14,2,0,2,1,1,0
0,3,3,1,52,18,34,7,34,29,5,3,5,2,3,3
3,3,0,4,76,52,24,16,24,15,9,2,9,3,6,4
4,3,2,4,30,10,20,17,20,17,3,0,3,0,3,0
2,1,4,0,58,34,24,0,24,22,2,0,2,2,0,0
1,2,2,2,9,2,7,5,7,1,6,3,6,0,6,3
3,1,0,0,34,13,21,2,21,10,11,5,11,7,4,4
1,1,4,1,22,1,21,20,21,8,13,13,13,2,11,10
4,4,3,1,10,8,2,1,2,2,0,0,0,0,0,0
4,4,4,1,58,44,14,9,14,3,11,7,11,4,7,0
3,3,0,4,42,40,2,0,2,1,1,1,1,0,1,1
2,4,3,2,38,35,3,0,3,1,2,1,2,2,0,0
4,4,4,3,26,12,14,8,14,9,5,3,5,3,2,2
1,4,0,1,55,26,29,20,29,17,12,1,12,8,4,2
4,1,1,4,33,12,21,8,21,6,15,15,15,15,0,0
4,0,2,3,72,3,69,7,69,29,40,17,40,37,3,2
0,1,1,1,19,14,5,3,5,5,0,0,0,0,0,0
3,2,1,2,13,13,0,0,0,0,0,0,0,0,0,0
1,2,0,0,19,10,9,5,9,2,7,3,7,4,3,1
3,2,1,1,66,19,47,22,47,27,20,10,20,7,13,4
4,3,1,2,38,30,8,5,8,0,8,5,8,8,0,0
2,4,1,0,22,14,8,5,8,6,2,0,2,1,1,0
0,1,0,3,46,46,0,0,0,0,0,0,0,0,0,0
0,3,3,0,31,4,27,26,27,2,25,22,25,6,19,6
4,1,1,1,43,17,26,9,26,24,2,2,2,1,1,1
2,2,1,3,19,4,15,8,15,8,7,1,7,4,3,3
0,3,3,1,60,52,8,7,8,7,1,0,1,0,1,0
3,4,2,2,22,17,5,2,5,3,2,2,2,1,1,0
0,0,3,2,21,6,15,12,15,4,11,1,11,1,10,0
3,1,2,1,26,15,11,6,11,3,8,5,8,0,8,1
2,2,1,4,41,15,26,23,26,8,18,18,18,18,0,0
3,4,3,2,24,14,10,0,10,1,9,0,9,3,6,5
4,4,3,1,69,10,59,28,59,29,30,6,30,7,23,19
3,2,1,0,31,11,20,14,20,12,8,5,8,2,6,0
0,3,2,0,40,30,10,4,10,1,9,2,9,5,4,2
4,4,1,1,42,23,19,5,19,8,11,0,11,4,7,5
4,3,3,4,28,4,24,3,24,22,2,0,2,1,1,0
1,2,1,2,54,3,51,51,51,30,21,15,21,5,16,15
4,3,0,1,36,10,26,18,26,3,23,17,23,8,15,2
0,1,0,0,58,36,22,22,22,16,6,1,6,4,2,1
1,4,3,4,40,11,29,15,29,17,12,3,12,4,8,7
1,4,1,1,36,1,35,10,35,32,3,1,3,1,2,1
2,4,2,4,35,4,31,3,31,22,9,6,9,4,5,0
4,2,0,3,44,29,15,1,15,15,0,0,0,0,0,0
1,0,0,1,24,5,19,6,19,3,16,2,16,6,10,4
3,0,3,1,19,1,18,2,18,15,3,3,3,2,1,0
2,1,1,1,34,14,20,9,20,3,17,14,17,10,7,6
1,0,1,0,42,15,27,24,27,12,15,3,15,11,4,2
0,4,2,1,17,15,2,1,2,2,0,0,0,0,0,0
1,4,0,0,40,37,3,1,3,1,2,2,2,1,1,1
3,0,3,4,43,13,30,12,30,13,17,14,17,13,4,0
2,3,0,1,40,20,20,8,20,9,11,9,11,9,2,0
4,2,2,4,39,11,28,18,28,8,20,11,20,16,4,3
4,3,3,0,44,34,10,3,10,10,0,0,0,0,0,0
4,4,0,0,58,13,45,28,45,36,9,5,9,7,2,1
2,3,0,4,28,23,5,0,5,2,3,0,3,1,2,0
4,3,0,0,3,2,1,1,1,0,1,1,1,0,1,0
3,3,3,4,31,31,0,0,0,0,0,0,0,0,0,0
4,2,4,1,51,36,15,8,15,9,6,3,6,5,1,0
3,1,1,0,2,0,2,0,2,1,1,0,1,0,1,1
4,1,4,3,44,33,11,0,11,10,1,0,1,1,0,0
0,0,4,4,9,9,0,0,0,0,0,0,0,0,0,0
0,3,4,0,21,0,21,21,21,8,13,7,13,8,5,4
3,3,2,0,39,32,7,1,7,7,0,0,0,0,0,0
4,2,4,1,5,4,1,1,1,1,0,0,0,0,0,0
2,0,4,0,54,25,29,21,29,14,15,8,15,9,6,6
3,2,3,4,26,18,8,2,8,6,2,2,2,0,2,0
3,3,1,2,9,0,9,6,9,6,3,0,3,0,3,2
3,0,4,4,48,40,8,2,8,8,0,0,0,0,0,0
1,3,0,2,18,16,2,2,2,1,1,0,1,0,1,0
2,0,1,1,55,16,39,37,39,17,22,19,22,9,13,13
0,1,2,1,48,14,34,7,34,0,34,21,34,3,31,22
0,4,0,2,35,32,3,0,3,3,0,0,0,0,0,0
1,4,3,0,40,19,21,10,21,10,11,5,11,3,8,4
3,4,4,0,25,4,21,19,21,16,5,2,5,1,4,1
3,3,2,4,8,0,8,5,8,4,4,4,4,2,2,2
0,3,4,0,52,23,29,0,29,10,19,16,19,2,17,4
3,3,0,0,20,5,15,11,15,15,0,0,0,0,0,0
3,4,2,3,32,2,30,16,30,5,25,12,25,5,20,18
4,1,0,4,45,18,27,22,27,3,24,6,24,18,6,5
4,2,0,0,36,15,21,14,21,7,14,11,14,12,2,1
1,3,3,0,20,16,4,0,4,4,0,0,0,0,0,0
1,3,0,4,4,2,2,0,2,1,1,1,1,0,1,0
0,2,2,3,35,23,12,5,12,9,3,2,3,2,1,0
4,1,4,2,18,13,5,5,5,2,3,2,3,1,2,2
2,3,2,4,18,12,6,1,6,4,2,2,2,0,2,1
3,4,4,3,53,44,9,2,9,6,3,2,3,3,0,0
4,0,2,1,61,23,38,11,38,4,34,28,34,13,21,6
2,2,4,0,32,0,32,8,32,1,31,7,31,14,17,8
0,0,0,1,12,10,2,2,2,2,0,0,0,0,0,0
0,2,2,2,48,13,35,16,35,6,29,25,29,9,20,13
0,4,1,0,18,14,4,4,4,2,2,1,2,2,0,0
0,4,0,1,75,66,9,6,9,5,4,1,4,0,4,0
1,4,4,1,11,4,7,0,7,2,5,2,5,3,2,2
0,0,4,1,74,0,74,14,74,31,43,5,43,11,32,30
3,4,3,2,46,20,26,2,26,19,7,4,7,3,4,0
0,1,3,0,47,30,17,1,17,13,4,2,4,4,0,0
4,4,3,2,31,13,18,15,18,18,0,0,0,0,0,0
3,0,4,4,15,6,9,3,9,8,1,1,1,1,0,0
1,0,1,0,45,37,8,6,8,3,5,4,5,4,1,0
2,4,1,2,33,18,15,13,15,1,14,0,14,12,2,1
3,0,2,0,67,26,41,37,41,39,2,2,2,1,1,1
0,1,3,0,1,0,1,1,1,0,1,1,1,1,0,0
0,0,2,3,20,5,15,8,15,3,12,6,12,6,6,3
2,0,0,1,6,1,5,2,5,5,0,0,0,0,0,0
2,1,2,0,23,10,13,1,13,12,1,1,1,1,0,0
1,0,4,3,57,4,53,31,53,43,10,4,10,1,9,5
2,0,0,0,0,0,0,0,0,0,0,0,0,0,0,0
0,0,4,2,27,25,2,0,2,1,1,0,1,1,0,0
2,0,1,4,22,7,15,14,15,4,11,7,11,11,0,0
1,3,2,3,51,39,12,2,12,6,6,0,6,1,5,4
4,0,0,2,40,9,31,4,31,0,31,6,31,10,21,21
0,3,3,4,31,23,8,0,8,2,6,6,6,3,3,3
2,2,4,4,12,5,7,4,7,4,3,2,3,0,3,3
1,4,1,2,24,2,22,4,22,1,21,6,21,3,18,14
2,1,4,2,52,51,1,0,1,0,1,0,1,1,0,0
3,4,0,4,31,26,5,1,5,3,2,1,2,0,2,0
3,2,2,1,31,14,17,4,17,4,13,0,13,13,0,0
3,1,2,4,13,10,3,1,3,3,0,0,0,0,0,0
1,4,3,1,43,26,17,12,17,9,8,5,8,3,5,2
2,2,1,1,28,22,6,4,6,3,3,2,3,3,0,0
2,1,1,2,70,64,6,1,6,6,0,0,0,0,0,0
3,4,1,2,25,12,13,5,13,7,6,4,6,1,5,0
4,3,1,4,21,7,14,9,14,12,2,2,2,1,1,0
2,3,3,1,53,6,47,31,47,37,10,2,10,1,9,5
3,2,0,3,40,29,11,10,11,9,2,1,2,0,2,2
1,2,1,2,21,6,15,0,15,6,9,5,9,6,3,3
1,0,1,2,43,7,36,0,36,4,32,29,32,18,14,5
1,3,0,2,23,11,12,0,12,6,6,3,6,1,5,3
3,4,0,2,74,7,67,31,67,53,14,12,14,5,9,4
0,4,4,2,15,3,12,11,12,4,8,5,8,4,4,0
3,4,1,0,17,10,7,1,7,0,7,4,7,0,7,2
4,2,4,2,10,2,8,3,8,5,3,1,3,3,0,0
4,1,1,2,9,4,5,2,5,2,3,1,3,0,3,3
2,4,4,4,40,36,4,2,4,2,2,0,2,1,1,1
0,3,4,2,50,37,13,2,13,13,0,0,0,0,0,0
3,2,2,4,29,15,14,12,14,12,2,1,2,0,2,0
3,4,4,4,28,18,10,9,10,0,10,4,10,10,0,0
2,3,3,1,22,0,22,20,22,19,3,1,3,2,1,0
4,1,3,4,26,22,4,3,4,0,4,2,4,4,0,0
3,4,3,0,10,10,0,0,0,0,0,0,0,0,0,0
4,2,2,1,71,6,65,13,65,61,4,4,4,0,4,1
3,2,4,1,23,22,1,0,1,1,0,0,0,0,0,0
4,1,2,1,53,16,37,5,37,14,23,7,23,10,13,11
3,4,1,4,15,13,2,2,2,2,0,0,0,0,0,0
1,1,3,4,1,0,1,1,1,0,1,0,1,0,1,0
3,2,4,2,27,12,15,13,15,0,15,14,15,0,15,15
4,4,3,0,27,3,24,18,24,13,11,6,11,7,4,1
1,4,2,4,10,2,8,1,8,6,2,2,2,0,2,0
3,1,4,3,65,53,12,2,12,1,11,2,11,4,7,4
3,3,2,1,40,16,24,11,24,10,14,12,14,13,1,1
2,0,3,0,11,2,9,9,9,8,1,0,1,0,1,1
4,1,2,2,24,4,20,5,20,4,16,3,16,13,3,0
1,2,2,4,27,1,26,17,26,18,8,6,8,4,4,4
1,3,1,1,5,4,1,1,1,0,1,0,1,0,1,1
0,1,4,1,63,48,15,4,15,0,15,3,15,15,0,0
4,3,3,1,44,27,17,6,17,15,2,0,2,0,2,2
4,3,3,3,49,34,15,12,15,13,2,0,2,1,1,0
2,2,3,0,10,2,8,2,8,1,7,2,7,3,4,4
3,2,2,3,74,70,4,3,4,3,1,0,1,1,0,0
0,0,4,0,52,37,15,11,15,1,14,9,14,4,10,9
2,2,1,1,40,3,37,31,37,15,22,18,22,2,20,12
0,1,3,3,30,25,5,4,5,0,5,4,5,5,0,0
3,4,0,2,30,26,4,0,4,3,1,1,1,0,1,1
0,1,3,4,30,25,5,4,5,2,3,2,3,3,0,0
0,2,4,0,33,16,17,10,17,16,1,1,1,0,1,0
1,4,1,2,40,15,25,1,25,0,25,5,25,1,24,24
4,4,3,1,45,29,16,9,16,16,0,0,0,0,0,0
2,0,2,1,35,30,5,5,5,4,1,0,1,0,1,0
2,3,2,0,46,18,28,9,28,21,7,4,7,4,3,1
2,0,0,1,17,5,12,2,12,7,5,5,5,3,2,2
0,0,1,0,21,6,15,2,15,14,1,0,1,1,0,0
3,4,3,4,26,3,23,3,23,22,1,1,1,0,1,1
4,3,3,2,38,4,34,15,34,31,3,3,3,0,3,1
0,0,1,4,24,24,0,0,0,0,0,0,0,0,0,0
3,4,2,2,14,14,0,0,0,0,0,0,0,0,0,0
4,1,1,4,28,22,6,3,6,2,4,3,4,2,2,2
4,4,4,3,4,2,2,0,2,2,0,0,0,0,0,0
1,2,0,4,40,13,27,18,27,10,17,4,17,0,17,15
1,2,4,2,15,1,14,3,14,10,4,0,4,2,2,1
4,0,0,1,5,0,5,4,5,1,4,3,4,0,4,0
2,2,4,2,8,5,3,1,3,2,1,0,1,0,1,1
2,4,4,3,0,0,0,0,0,0,0,0,0,0,0,0
0,2,2,1,23,23,0,0,0,0,0,0,0,0,0,0
3,2,4,4,35,3,32,21,32,9,23,3,23,14,9,3
1,0,1,1,61,14,47,7,47,32,15,13,15,14,1,1
0,4,1,4,13,0,13,10,13,13,0,0,0,0,0,0
2,2,3,2,30,25,5,2,5,1,4,0,4,3,1,0
0,4,1,0,52,31,21,12,21,15,6,5,6,5,1,0
3,4,2,1,33,12,21,10,21,15,6,0,6,6,0,0
4,4,2,3,16,14,2,2,2,2,0,0,0,0,0,0
0,4,0,0,37,18,19,9,19,17,2,2,2,1,1,1
3,0,1,1,19,11,8,4,8,8,0,0,0,0,0,0
4,2,0,2,59,2,57,33,57,52,5,3,5,3,2,0
3,3,2,2,36,19,17,5,17,11,6,6,6,6,0,0
2,4,2,2,21,21,0,0,0,0,0,0,0,0,0,0
4,2,4,3,32,21,11,4,11,8,3,3,3,0,3,0
3,0,1,3,53,17,36,30,36,8,28,16,28,2,26,22
1,2,3,0,26,7,19,10,19,6,13,9,13,1,12,2
2,0,2,0,46,0,46,9,46,1,45,13,45,10,35,5
0,1,2,3,67,26,41,7,41,11,30,29,30,16,14,10
2,3,4,4,18,9,9,8,9,4,5,0,5,3,2,2
1,0,4,1,11,3,8,7,8,7,1,1,1,1,0,0
1,3,3,0,34,19,15,12,15,13,2,2,2,1,1,0
2,4,0,0,32,10,22,7,22,17,5,5,5,0,5,4
3,4,3,1,44,1,43,17,43,22,21,11,21,18,3,0
1,3,3,1,18,2,16,11,16,15,1,1,1,0,1,1
0,3,2,3,24,0,24,15,24,23,1,0,1,1,0,0
3,1,1,2,15,0,15,3,15,3,12,7,12,8,4,3
1,1,3,1,2,0,2,0,2,2,0,0,0,0,0,0
2,1,2,3,15,13,2,0,2,2,0,0,0,0,0,0
2,1,4,3,51,6,45,34,45,19,26,20,26,2,24,21
0,4,1,1,10,4,6,2,6,3,3,0,3,3,0,0
4,1,3,1,40,34,6,4,6,5,1,1,1,1,0,0
4,4,0,4,0,0,0,0,0,0,0,0,0,0,0,0
2,2,0,3,43,32,11,11,11,3,8,4,8,3,5,0
1,0,2,1,13,3,10,8,10,7,3,1,3,3,0,0
0,0,3,4,59,50,9,7,9,8,1,0,1,0,1,0
3,0,1,1,26,16,10,10,10,6,4,0,4,3,1,0
4,4,1,0,45,29,16,15,16,10,6,5,6,1,5,2
1,2,0,4,20,0,20,20,20,2,18,14,18,15,3,3
0,4,0,0,43,35,8,5,8,5,3,1,3,2,1,1
2,0,4,1,25,1,24,5,24,20,4,2,4,3,1,1
4,1,4,2,24,16,8,2,8,6,2,0,2,0,2,1
4,3,0,4,72,2,70,25,70,57,13,3,13,9,4,2
4,0,1,1,13,8,5,0,5,4,1,1,1,1,0,0
3,0,1,0,45,44,1,0,1,0,1,1,1,1,0,0
2,2,3,0,19,17,2,1,2,0,2,1,2,2,0,0
2,1,3,4,17,4,13,5,13,3,10,4,10,0,10,3
0,3,2,2,47,47,0,0,0,0,0,0,0,0,0,0
0,1,4,4,30,28,2,0,2,2,0,0,0,0,0,0
4,0,1,2,75,0,75,69,75,9,66,3,66,32,34,9
3,4,4,3,42,15,27,18,27,23,4,2,4,0,4,3
2,4,1,1,3,1,2,0,2,2,0,0,0,0,0,0
1,1,4,1,7,6,1,0,1,0,1,1,1,1,0,0
0,1,2,3,12,8,4,4,4,1,3,3,3,3,0,0
1,0,2,3,9,5,4,2,4,0,4,2,4,1,3,1
1,1,3,3,71,34,37,25,37,20,17,5,17,11,6,3
4,2,3,1,29,16,13,6,13,4,9,1,9,1,8,8
1,4,2,1,23,18,5,0,5,0,5,2,5,2,3,3
2,3,4,0,26,22,4,4,4,2,2,1,2,0,2,1
4,2,2,3,23,14,9,6,9,4,5,3,5,5,0,0
1,1,2,2,20,11,9,1,9,6,3,2,3,1,2,0
3,3,4,3,56,50,6,0,6,0,6,0,6,2,4,3
3,3,3,2,34,10,24,1,24,12,12,10,12,1,11,10
1,4,1,0,58,43,15,11,15,9,6,2,6,5,1,0
4,0,2,0,58,32,26,12,26,23,3,1,3,1,2,0
0,1,0,3,33,21,12,12,12,0,12,0,12,6,6,4
3,3,4,3,5,5,0,0,0,0,0,0,0,0,0,0
2,0,4,1,29,15,14,5,14,2,12,2,12,12,0,0
1,2,2,4,34,13,21,2,21,14,7,1,7,0,7,2
0,4,2,4,53,8,45,44,45,29,16,15,16,9,7,7
3,2,1,1,42,4,38,1,38,5,33,6,33,26,7,1
4,1,0,4,29,29,0,0,0,0,0,0,0,0,0,0
2,3,4,4,24,3,21,12,21,0,21,8,21,2,19,12
2,3,2,2,36,30,6,6,6,5,1,0,1,0,1,0
2,2,0,3,45,45,0,0,0,0,0,0,0,0,0,0
1,4,2,2,58,4,54,5,54,45,9,5,9,2,7,3
2,3,2,0,23,10,13,3,13,3,10,10,10,8,2,0
2,4,2,1,41,8,33,21,33,12,21,14,21,9,12,5
1,3,4,3,18,5,13,10,13,5,8,4,8,1,7,7
0,4,4,3,34,7,27,23,27,12,15,15,15,3,12,6
3,1,3,4,40,23,17,5,17,12,5,0,5,0,5,3
1,1,2,2,31,20,11,2,11,4,7,0,7,6,1,1
2,1,3,4,44,4,40,7,40,2,38,22,38,23,15,13
0,2,1,3,44,43,1,0,1,0,1,1,1,1,0,0
2,3,1,3,16,8,8,8,8,0,8,5,8,8,0,0
2,3,4,1,4,4,0,0,0,0,0,0,0,0,0,0
2,2,1,2,33,3,30,17,30,9,21,16,21,4,17,1
3,1,1,4,33,18,15,5,15,5,10,0,10,3,7,2
4,1,4,4,23,15,8,2,8,3,5,4,5,2,3,3
1,4,4,4,10,7,3,0,3,1,2,1,2,2,0,0
1,1,0,4,61,2,59,0,59,11,48,24,48,34,14,14
2,0,4,0,34,0,34,20,34,8,26,8,26,21,5,3
3,1,2,3,32,1,31,13,31,2,29,23,29,20,9,7
1,2,1,3,60,55,5,0,5,4,1,0,1,1,0,0
3,4,3,3,51,15,36,2,36,10,26,9,26,21,5,5
0,1,1,1,12,12,0,0,0,0,0,0,0,0,0,0
3,3,3,0,20,12,8,8,8,5,3,1,3,2,1,0
2,0,1,4,6,6,0,0,0,0,0,0,0,0,0,0
0,0,2,3,27,4,23,9,23,17,6,5,6,1,5,2
2,0,2,0,20,12,8,0,8,2,6,6,6,1,5,1
0,1,4,0,18,10,8,1,8,8,0,0,0,0,0,0
0,0,1,1,27,18,9,4,9,5,4,1,4,0,4,4
2,1,1,2,47,21,26,26,26,22,4,0,4,3,1,1
2,3,3,0,45,37,8,3,8,1,7,0,7,1,6,0
2,1,2,1,34,13,21,7,21,19,2,1,2,1,1,0
3,1,2,3,23,12,11,0,11,7,4,2,4,4,0,0
2,0,1,3,42,41,1,1,1,0,1,1,1,1,0,0
1,4,1,1,44,34,10,10,10,10,0,0,0,0,0,0
3,2,2,3,53,49,4,0,4,4,0,0,0,0,0,0
2,2,3,4,33,17,16,13,16,15,1,0,1,1,0,0
0,0,0,0,24,3,21,9,21,5,16,8,16,14,2,1
4,0,3,1,28,27,1,0,1,1,0,0,0,0,0,0
3,1,3,3,57,29,28,16,28,17,11,4,11,3,8,6
0,3,0,3,45,41,4,1,4,4,0,0,0,0,0,0
0,3,3,3,14,13,1,1,1,0,1,1,1,0,1,1
1,2,2,4,36,6,30,25,30,12,18,0,18,9,9,5
1,1,4,1,45,7,38,19,38,2,36,0,36,36,0,0
4,2,3,0,35,18,17,10,17,5,12,1,12,5,7,4
2,2,2,0,21,13,8,2,8,7,1,0,1,1,0,0
3,1,2,0,31,2,29,28,29,24,5,3,5,0,5,5
1,2,0,4,29,24,5,5,5,1,4,0,4,2,2,1
4,1,4,4,12,10,2,0,2,0,2,2,2,0,2,2
3,2,0,2,19,2,17,8,17,16,1,1,1,0,1,0
4,4,4,1,14,13,1,1,1,0,1,1,1,1,0,0
1,4,2,3,45,5,40,38,40,34,6,0,6,3,3,2
1,3,2,3,9,7,2,0,2,2,0,0,0,0,0,0
4,0,3,2,34,14,20,17,20,19,1,1,1,1,0,0
1,4,2,4,59,1,58,39,58,6,52,31,52,47,5,5
0,3,3,2,33,14,19,15,19,16,3,0,3,3,0,0
4,4,1,3,4,1,3,0,3,3,0,0,0,0,0,0
3,0,1,0,18,2,16,7,16,16,0,0,0,0,0,0
2,1,0,3,56,10,46,30,46,2,44,21,44,35,9,4
1,1,0,3,30,0,30,25,30,1,29,4,29,7,22,9
4,1,3,4,21,16,5,2,5,1,4,3,4,2,2,0
2,4,2,0,23,6,17,3,17,6,11,4,11,3,8,8
2,4,4,3,3,2,1,1,1,0,1,0,1,0,1,1
3,1,4,4,51,30,21,17,21,13,8,0,8,8,0,0
1,3,4,3,27,20,7,1,7,3,4,4,4,2,2,2
4,0,4,4,46,0,46,18,46,6,40,2,40,17,23,23
1,1,2,0,17,7,10,8,10,7,3,3,3,2,1,1
3,2,3,2,34,21,13,10,13,11,2,0,2,0,2,0
3,4,1,2,54,31,23,9,23,21,2,2,2,1,1,1
0,3,4,3,39,37,2,1,2,2,0,0,0,0,0,0
1,0,4,3,46,45,1,1,1,1,0,0,0,0,0,0
4,0,1,3,41,20,21,21,21,16,5,4,5,2,3,2
0,2,4,2,24,1,23,11,23,10,13,2,13,12,1,1
1,3,4,0,26,26,0,0,0,0,0,0,0,0,0,0
1,4,4,2,50,46,4,1,4,1,3,1,3,0,3,2
1,4,4,0,19,1,18,12,18,0,18,4,18,9,9,9
2,3,4,4,38,8,30,11,30,9,21,4,21,12,9,9
0,1,3,4,26,21,5,2,5,3,2,2,2,1,1,1
4,1,4,2,49,37,12,4,12,11,1,0,1,0,1,0
2,0,4,3,26,24,2,2,2,0,2,1,2,1,1,0
3,0,0,2,35,5,30,12,30,25,5,4,5,2,3,1
4,2,1,4,31,14,17,5,17,7,10,0,10,1,9,5
0,3,4,3,18,0,18,9,18,0,18,4,18,13,5,4
0,3,0,2,76,6,70,11,70,52,18,10,18,9,9,9
3,4,4,4,45,11,34,10,34,11,23,17,23,11,12,5
1,2,3,4,64,57,7,0,7,6,1,1,1,1,0,0
1,1,3,4,38,25,13,9,13,13,0,0,0,0,0,0
0,3,0,0,47,42,5,5,5,2,3,2,3,1,2,0
0,4,1,4,3,1,2,1,2,2,0,0,0,0,0,0
1,0,3,0,19,2,17,10,17,11,6,1,6,2,4,4
1,3,1,4,53,48,5,3,5,3,2,0,2,0,2,1
0,1,2,4,46,23,23,6,23,0,23,14,23,17,6,3
0,2,4,2,11,4,7,2,7,7,0,0,0,0,0,0
2,1,3,0,23,0,23,4,23,21,2,1,2,1,1,1
3,4,3,0,55,42,13,6,13,8,5,5,5,5,0,0
1,3,0,3,12,7,5,5,5,3,2,1,2,0,2,1
4,0,4,0,51,47,4,0,4,2,2,2,2,0,2,0
1,3,0,4,68,56,12,7,12,6,6,0,6,2,4,1
0,3,1,3,15,14,1,0,1,1,0,0,0,0,0,0
1,1,2,4,38,33,5,1,5,3,2,2,2,1,1,1
4,2,0,1,2,0,2,2,2,2,0,0,0,0,0,0
3,3,3,2,17,2,15,1,15,1,14,7,14,4,10,5
0,1,1,0,0,0,0,0,0,0,0,0,0,0,0,0
3,0,2,2,39,13,26,13,26,11,15,4,15,13,2,0
2,0,3,3,46,4,42,23,42,25,17,0,17,12,5,3
0,0,0,4,50,8,42,24,42,16,26,2,26,11,15,6
1,4,2,2,25,9,16,1,16,6,10,0,10,3,7,7
1,3,1,0,16,9,7,0,7,1,6,3,6,2,4,0
4,1,1,0,29,8,21,17,21,19,2,0,2,2,0,0
0,3,0,3,44,4,40,32,40,35,5,0,5,3,2,0
4,2,1,2,45,36,9,6,9,8,1,1,1,0,1,1
0,0,2,4,43,10,33,22,33,22,11,4,11,2,9,0
2,4,0,1,40,38,2,2,2,2,0,0,0,0,0,0
0,1,1,3,28,6,22,3,22,20,2,1,2,0,2,0
0,0,4,0,24,8,16,5,16,2,14,6,14,7,7,5
1,2,4,0,19,0,19,2,19,8,11,2,11,9,2,1
3,4,2,3,47,18,29,25,29,27,2,1,2,2,0,0
1,0,2,0,27,12,15,7,15,15,0,0,0,0,0,0
4,2,4,0,12,6,6,2,6,6,0,0,0,0,0,0
4,0,0,2,36,28,8,5,8,0,8,0,8,2,6,5
2,3,3,2,39,23,16,14,16,2,14,4,14,13,1,0
0,2,1,4,42,12,30,13,30,7,23,19,23,11,12,10
0,1,1,1,18,18,0,0,0,0,0,0,0,0,0,0
0,1,4,3,8,7,1,1,1,1,0,0,0,0,0,0
0,2,4,0,54,20,34,34,34,0,34,28,34,7,27,23
4,2,4,1,34,27,7,3,7,1,6,2,6,4,2,2
4,2,4,3,42,7,35,35,35,30,5,0,5,5,0,0
2,0,0,0,56,33,23,17,23,0,23,12,23,22,1,1
2,1,1,2,33,11,22,9,22,9,13,8,13,6,7,3
1,0,0,1,35,25,10,4,10,9,1,1,1,1,0,0
1,0,3,1,13,4,9,6,9,6,3,0,3,2,1,1
3,0,3,0,36,24,12,2,12,10,2,2,2,1,1,1
1,0,4,4,33,28,5,1,5,3,2,0,2,2,0,0
1,2,4,1,42,22,20,15,20,7,13,3,13,3,10,7
0,4,0,2,42,25,17,13,17,15,2,0,2,0,2,0
0,4,3,2,35,1,34,4,34,23,11,0,11,8,3,0
4,0,2,4,44,5,39,14,39,36,3,0,3,2,1,0
1,4,1,1,15,8,7,0,7,5,2,2,2,2,0,0
3,0,4,2,54,17,37,17,37,12,25,6,25,14,11,9
3,4,2,2,50,35,15,5,15,13,2,0,2,1,1,0
1,4,1,3,34,29,5,5,5,1,4,1,4,3,1,1
4,2,0,0,25,19,6,1,6,6,0,0,0,0,0,0
3,3,4,3,42,20,22,10,22,7,15,0,15,4,11,8
1,1,1,4,24,20,4,2,4,3,1,1,1,0,1,0
1,3,0,0,2,1,1,0,1,1,0,0,0,0,0,0
0,2,3,1,29,14,15,1,15,15,0,0,0,0,0,0
3,4,3,1,33,24,9,4,9,8,1,1,1,0,1,1
2,0,1,2,13,8,5,2,5,0,5,3,5,5,0,0
1,3,2,3,20,11,9,0,9,4,5,5,5,4,1,1
4,2,0,3,31,27,4,3,4,2,2,1,2,2,0,0
3,4,0,4,18,15,3,3,3,2,1,0,1,0,1,0
3,3,2,4,36,8,28,12,28,14,14,9,14,7,7,0
2,2,4,1,32,3,29,25,29,27,2,2,2,0,2,0
2,0,4,1,31,30,1,1,1,0,1,0,1,0,1,1
3,3,4,3,31,18,13,13,13,4,9,7,9,9,0,0
2,1,0,1,41,4,37,28,37,34,3,0,3,3,0,0
0,1,4,1,25,11,14,5,14,11,3,0,3,1,2,0
3,1,3,2,53,47,6,6,6,5,1,1,1,0,1,1
0,3,4,0,38,3,35,27,35,20,15,9,15,12,3,1
3,2,4,1,9,0,9,4,9,1,8,3,8,3,5,4
1,1,2,0,10,6,4,0,4,4,0,0,0,0,0,0
0,3,1,0,21,12,9,5,9,0,9,4,9,6,3,1
1,0,2,3,47,11,36,34,36,13,23,15,23,9,14,7
4,1,4,4,26,15,11,2,11,8,3,1,3,2,1,0
1,0,0,1,35,25,10,2,10,8,2,0,2,0,2,2
0,0,3,2,11,4,7,4,7,6,1,1,1,1,0,0
4,1,4,1,14,9,5,3,5,4,1,1,1,1,0,0
2,0,4,0,3,0,3,3,3,2,1,1,1,0,1,0
0,0,0,3,60,53,7,2,7,4,3,0,3,1,2,1
4,0,2,1,25,17,8,1,8,7,1,1,1,1,0,0
3,0,1,2,11,9,2,1,2,1,1,0,1,0,1,1
4,3,1,1,18,9,9,7,9,7,2,1,2,1,1,1
1,3,4,3,48,18,30,29,30,26,4,3,4,4,0,0
1,2,3,1,42,36,6,3,6,4,2,1,2,1,1,0
3,3,4,1,12,9,3,1,3,0,3,0,3,0,3,3
3,0,3,1,35,9,26,22,26,25,1,0,1,0,1,0
4,3,2,3,21,1,20,12,20,2,18,16,18,10,8,6
0,4,4,1,24,0,24,10,24,18,6,0,6,4,2,0
1,1,3,2,72,60,12,0,12,11,1,1,1,0,1,1
2,2,0,4,18,18,0,0,0,0,0,0,0,0,0,0
4,4,3,1,34,24,10,10,10,8,2,1,2,0,2,0
2,0,0,4,42,22,20,1,20,10,10,10,10,8,2,2
3,2,4,4,23,8,15,15,15,4,11,6,11,8,3,3
2,0,0,4,47,6,41,11,41,20,21,10,21,1,20,1
3,3,4,1,72,63,9,2,9,9,0,0,0,0,0,0
2,3,4,3,17,17,0,0,0,0,0,0,0,0,0,0
0,1,3,0,59,12,47,31,47,38,9,1,9,4,5,0
3,3,3,2,63,43,20,11,20,20,0,0,0,0,0,0
2,3,1,4,56,30,26,17,26,15,11,1,11,8,3,1
4,0,0,1,27,9,18,3,18,8,10,4,10,7,3,0
3,2,4,3,34,27,7,1,7,2,5,2,5,4,1,0
3,2,4,3,45,19,26,3,26,23,3,3,3,2,1,1
2,0,1,2,68,60,8,6,8,3,5,4,5,2,3,2
2,0,4,3,45,22,23,18,23,18,5,4,5,5,0,0
1,0,4,3,51,34,17,5,17,7,10,8,10,6,4,2
0,2,3,0,12,9,3,2,3,3,0,0,0,0,0,0
3,1,0,2,42,22,20,8,20,15,5,4,5,3,2,2
1,0,4,4,33,8,25,21,25,13,12,7,12,9,3,2
1,2,4,0,6,0,6,1,6,2,4,3,4,2,2,2
2,4,2,2,34,10,24,0,24,18,6,2,6,3,3,2
4,4,2,1,61,16,45,22,45,29,16,3,16,15,1,0
1,0,2,2,29,22,7,1,7,0,7,1,7,5,2,0
2,4,0,3,28,17,11,3,11,9,2,2,2,1,1,1
0,2,2,0,59,15,44,3,44,5,39,23,39,24,15,8
0,3,1,2,3,0,3,3,3,0,3,0,3,3,0,0
2,2,1,3,1,1,0,0,0,0,0,0,0,0,0,0
2,1,3,0,39,33,6,0,6,3,3,2,3,1,2,2
1,4,2,1,30,19,11,9,11,7,4,3,4,4,0,0
4,0,2,3,24,3,21,7,21,8,13,13,13,0,13,1
0,3,0,2,40,30,10,9,10,9,1,1,1,0,1,0
2,3,1,0,45,8,37,30,37,26,11,11,11,9,2,1
1,3,0,0,46,22,24,14,24,4,20,16,20,12,8,2
2,1,4,0,15,2,13,1,13,8,5,2,5,1,4,1
4,2,3,3,34,5,29,9,29,12,17,17,17,3,14,3
0,4,3,1,30,13,17,16,17,11,6,2,6,6,0,0
3,3,1,3,26,26,0,0,0,0,0,0,0,0,0,0
3,3,4,4,46,3,43,10,43,29,14,5,14,13,1,0
4,4,1,1,49,23,26,20,26,3,23,10,23,10,13,2
4,3,2,2,13,2,11,6,11,6,5,2,5,4,1,0
3,3,0,2,13,2,11,2,11,3,8,6,8,0,8,6
4,0,0,0,34,8,26,11,26,5,21,8,21,6,15,9
1,1,4,0,25,22,3,2,3,2,1,0,1,0,1,0
3,1,4,4,20,12,8,3,8,0,8,1,8,3,5,3
4,1,0,3,48,17,31,28,31,16,15,11,15,15,0,0
3,2,4,4,24,7,17,12,17,15,2,1,2,0,2,1
2,1,2,1,39,6,33,32,33,15,18,7,18,0,18,5
4,4,0,2,6,2,4,4,4,0,4,2,4,0,4,3
0,3,1,3,8,5,3,2,3,0,3,1,3,2,1,0
1,0,3,0,31,12,19,7,19,7,12,3,12,3,9,9
3,0,0,4,10,9,1,0,1,1,0,0,0,0,0,0
3,4,0,1,47,8,39,24,39,19,20,12,20,10,10,5
0,4,1,3,0,0,0,0,0,0,0,0,0,0,0,0
3,3,1,2,36,26,10,10,10,9,1,0,1,1,0,0
2,1,3,0,31,15,16,11,16,7,9,5,9,9,0,0
0,0,3,4,7,4,3,0,3,0,3,0,3,0,3,3
2,0,0,0,16,2,14,13,14,11,3,2,3,3,0,0
2,0,4,2,42,16,26,6,26,10,16,3,16,10,6,0
1,0,0,4,74,60,14,4,14,2,12,11,12,0,12,2
2,0,3,1,32,4,28,15,28,7,21,10,21,11,10,5
2,0,3,0,21,15,6,0,6,1,5,2,5,2,3,1
2,0,2,0,12,10,2,2,2,2,0,0,0,0,0,0
2,3,3,0,25,8,17,10,17,12,5,5,5,2,3,3
4,2,1,1,21,2,19,13,19,1,18,3,18,2,16,13
2,0,4,3,32,7,25,11,25,25,0,0,0,0,0,0
3,1,4,3,9,4,5,1,5,2,3,0,3,0,3,3
2,4,0,1,60,3,57,8,57,1,56,16,56,52,4,3
0,1,2,1,10,6,4,3,4,2,2,2,2,2,0,0
3,1,1,1,35,28,7,7,7,1,6,2,6,1,5,0
4,3,4,1,35,34,1,1,1,0,1,1,1,1,0,0
1,0,0,2,44,6,38,21,38,10,28,3,28,13,15,2
4,3,2,2,21,18,3,3,3,1,2,2,2,1,1,0
3,3,1,0,54,0,54,17,54,52,2,2,2,0,2,0
1,3,3,3,61,22,39,4,39,36,3,0,3,3,0,0
4,4,4,4,22,14,8,4,8,6,2,1,2,2,0,0
3,3,4,3,32,30,2,1,2,0,2,1,2,1,1,1
0,1,4,2,13,3,10,9,10,4,6,4,6,3,3,3
0,1,2,4,54,42,12,3,12,11,1,0,1,1,0,0
4,4,4,3,9,5,4,0,4,4,0,0,0,0,0,0
4,3,3,0,36,14,22,19,22,22,0,0,0,0,0,0
1,4,4,0,19,2,17,7,17,4,13,5,13,11,2,0
4,4,1,3,24,8,16,12,16,14,2,0,2,0,2,0
4,3,1,2,56,47,9,3,9,4,5,4,5,5,0,0
2,0,4,4,21,0,21,4,21,15,6,2,6,0,6,0
0,3,0,1,35,24,11,1,11,7,4,2,4,1,3,3
4,4,0,1,19,16,3,0,3,3,0,0,0,0,0,0
1,1,1,0,58,12,46,7,46,37,9,9,9,5,4,3
4,0,2,4,49,16,33,1,33,0,33,14,33,22,11,6
4,2,2,0,50,29,21,19,21,13,8,0,8,0,8,6
1,0,3,4,46,23,23,2,23,7,16,12,16,11,5,4
2,2,4,4,13,3,10,10,10,9,1,1,1,1,0,0
3,4,1,1,64,42,22,1,22,10,12,12,12,11,1,0
4,1,3,3,19,11,8,2,8,8,0,0,0,0,0,0
0,2,0,4,33,22,11,0,11,3,8,3,8,3,5,3
0,1,3,0,33,23,10,6,10,6,4,2,4,4,0,0
3,1,0,1,36,15,21,7,21,21,0,0,0,0,0,0
4,0,0,4,19,0,19,1,19,11,8,3,8,3,5,2
1,2,1,4,23,7,16,12,16,9,7,3,7,7,0,0
0,4,4,2,62,14,48,15,48,33,15,2,15,15,0,0
4,4,1,0,77,48,29,13,29,28,1,1,1,1,0,0
3,4,0,2,24,24,0,0,0,0,0,0,0,0,0,0
4,4,4,3,22,18,4,2,4,0,4,4,4,0,4,4
2,1,1,1,46,26,20,8,20,0,20,9,20,9,11,7
0,2,1,0,23,15,8,6,8,7,1,0,1,0,1,0
4,3,2,0,21,4,17,3,17,9,8,1,8,3,5,2
1,2,1,1,53,42,11,6,11,0,11,4,11,5,6,4
0,1,0,0,63,62,1,0,1,1,0,0,0,0,0,0
2,2,1,1,4,2,2,2,2,2,0,0,0,0,0,0
0,4,1,4,56,29,27,15,27,23,4,0,4,4,0,0
3,4,2,0,11,10,1,1,1,0,1,1,1,1,0,0
0,1,4,1,27,5,22,14,22,22,0,0,0,0,0,0
4,4,0,1,46,29,17,9,17,14,3,2,3,0,3,2
0,2,3,1,44,32,12,1,12,0,12,8,12,12,0,0
2,3,3,4,59,22,37,2,37,20,17,14,17,17,0,0
3,3,4,1,12,3,9,4,9,9,0,0,0,0,0,0
0,2,4,1,44,13,31,18,31,9,22,11,22,2,20,12
2,4,2,4,31,16,15,2,15,2,13,1,13,11,2,0
2,0,2,2,73,27,46,44,46,29,17,2,17,11,6,0
1,3,4,2,45,29,16,11,16,1,15,15,15,3,12,7
1,3,0,0,22,18,4,3,4,3,1,0,1,1,0,0
0,4,3,2,29,1,28,2,28,10,18,14,18,1,17,3
4,4,2,4,1,0,1,1,1,1,0,0,0,0,0,0
0,4,0,3,62,41,21,19,21,0,21,6,21,11,10,0
4,1,2,0,0,0,0,0,0,0,0,0,0,0,0,0
0,3,4,0,4,4,0,0,0,0,0,0,0,0,0,0
1,3,4,2,10,7,3,0,3,2,1,1,1,0,1,1
4,3,4,2,26,4,22,22,22,19,3,2,3,1,2,2
0,2,3,1,24,13,11,1,11,2,9,6,9,8,1,1
0,1,4,0,53,6,47,46,47,33,14,1,14,8,6,2
1,1,4,1,32,13,19,15,19,9,10,7,10,0,10,9
4,2,4,4,36,21,15,14,15,14,1,0,1,1,0,0
2,3,0,0,31,29,2,1,2,0,2,2,2,1,1,0
2,3,3,2,30,18,12,10,12,8,4,2,4,3,1,1
4,0,3,4,63,46,17,6,17,17,0,0,0,0,0,0
1,4,2,4,79,69,10,2,10,0,10,8,10,1,9,5
3,4,1,1,25,24,1,1,1,1,0,0,0,0,0,0
3,3,1,3,34,8,26,9,26,13,13,10,13,6,7,2
0,2,2,2,34,7,27,7,27,11,16,11,16,7,9,0
3,0,0,0,61,39,22,20,22,10,12,11,12,0,12,9
2,3,1,1,61,5,56,56,56,20,36,27,36,2,34,33
1,1,2,2,28,12,16,14,16,10,6,0,6,4,2,2
4,4,0,3,7,2,5,3,5,5,0,0,0,0,0,0
1,0,4,3,21,18,3,1,3,1,2,1,2,0,2,1
1,0,4,0,39,25,14,0,14,10,4,3,4,2,2,1
1,1,0,0,54,46,8,0,8,5,3,1,3,3,0,0
2,1,0,1,33,13,20,15,20,20,0,0,0,0,0,0
4,3,2,2,53,29,24,0,24,8,16,8,16,8,8,5
0,0,2,0,36,12,24,13,24,12,12,11,12,0,12,9
1,0,0,2,70,18,52,44,52,30,22,9,22,7,15,11
2,4,3,0,27,1,26,8,26,7,19,0,19,7,12,9
4,0,1,1,9,9,0,0,0,0,0,0,0,0,0,0
1,3,0,0,33,21,12,11,12,5,7,7,7,1,6,1
1,4,2,0,30,16,14,10,14,10,4,3,4,4,0,0
0,0,1,2,45,6,39,7,39,3,36,35,36,11,25,4
1,4,3,1,19,9,10,4,10,5,5,5,5,3,2,1
4,0,2,4,51,25,26,14,26,26,0,0,0,0,0,0
3,3,0,1,42,4,38,3,38,25,13,11,13,11,2,0
3,3,4,2,2,2,0,0,0,0,0,0,0,0,0,0
2,2,2,0,48,11,37,19,37,36,1,0,1,0,1,1
0,3,3,2,35,31,4,0,4,0,4,1,4,2,2,1
1,0,0,2,28,4,24,24,24,18,6,5,6,5,1,0
3,3,1,4,9,0,9,8,9,1,8,7,8,6,2,2
2,1,0,3,0,0,0,0,0,0,0,0,0,0,0,0
1,4,0,3,33,32,1,0,1,1,0,0,0,0,0,0
0,2,3,0,30,9,21,7,21,12,9,9,9,9,0,0
3,1,0,2,38,36,2,2,2,0,2,0,2,2,0,0
0,3,3,4,8,4,4,0,4,1,3,3,3,1,2,0
4,0,0,1,36,1,35,29,35,7,28,7,28,2,26,22
1,3,2,2,12,1,11,1,11,5,6,1,6,5,1,0
0,0,3,2,35,14,21,5,21,19,2,0,2,0,2,2
0,2,2,2,24,8,16,10,16,14,2,2,2,2,0,0
1,3,2,1,42,1,41,14,41,7,34,26,34,28,6,4
2,0,2,1,37,6,31,24,31,30,1,0,1,0,1,1
2,1,0,2,16,6,10,4,10,6,4,4,4,2,2,1
0,0,2,1,11,10,1,1,1,0,1,0,1,0,1,0
2,3,1,3,33,13,20,11,20,8,12,10,12,11,1,1
0,1,2,2,43,40,3,2,3,0,3,1,3,1,2,2
3,1,4,4,19,8,11,9,11,0,11,7,11,7,4,3
2,1,2,1,67,41,26,12,26,0,26,18,26,2,24,7
1,3,0,0,25,21,4,4,4,3,1,1,1,1,0,0
2,4,2,2,19,18,1,1,1,0,1,1,1,1,0,0
4,2,4,3,19,8,11,10,11,10,1,1,1,0,1,0
0,3,4,4,10,10,0,0,0,0,0,0,0,0,0,0
2,1,2,2,32,21,11,6,11,6,5,2,5,2,3,3
0,4,2,2,29,21,8,8,8,5,3,0,3,2,1,0
2,3,2,4,40,12,28,5,28,0,28,8,28,10,18,16
1,1,3,4,10,8,2,1,2,2,0,0,0,0,0,0
1,0,4,1,27,27,0,0,0,0,0,0,0,0,0,0
0,2,3,1,43,30,13,10,13,9,4,4,4,2,2,2
1,1,4,2,46,14,32,15,32,18,14,8,14,2,12,5
3,4,2,1,27,12,15,0,15,5,10,1,10,2,8,3
0,3,1,3,29,18,11,7,11,6,5,3,5,4,1,1
1,0,3,4,50,3,47,30,47,0,47,33,47,11,36,36
0,0,1,4,12,8,4,2,4,1,3,1,3,1,2,1
0,0,3,2,41,1,40,16,40,24,16,8,16,1,15,12
1,0,4,3,34,23,11,3,11,6,5,1,5,0,5,5
1,1,1,1,0,0,0,0,0,0,0,0,0,0,0,0
4,4,3,0,37,4,33,30,33,20,13,12,13,7,6,2
0,4,0,4,7,1,6,3,6,1,5,0,5,3,2,1
1,2,4,1,67,66,1,1,1,1,0,0,0,0,0,0
4,0,1,2,16,14,2,0,2,1,1,1,1,1,0,0
2,2,3,4,29,19,10,4,10,0,10,9,10,1,9,7
1,2,0,0,37,10,27,24,27,22,5,5,5,2,3,0
1,2,4,0,37,3,34,10,34,6,28,10,28,22,6,4
2,4,2,1,9,4,5,3,5,1,4,4,4,2,2,2
0,2,2,0,3,0,3,1,3,0,3,2,3,1,2,0
1,4,0,2,20,0,20,12,20,12,8,0,8,0,8,6
3,0,0,2,17,15,2,2,2,0,2,1,2,1,1,1
1,2,4,3,46,34,12,9,12,4,8,4,8,2,6,2
0,4,1,1,37,22,15,13,15,8,7,2,7,6,1,0
4,2,0,4,68,15,53,40,53,26,27,15,27,13,14,2
2,3,2,1,29,11,18,3,18,2,16,6,16,9,7,7
1,4,0,1,42,15,27,15,27,23,4,0,4,1,3,2
2,0,3,4,28,0,28,20,28,4,24,3,24,6,18,3
3,2,3,4,34,25,9,3,9,6,3,2,3,3,0,0
1,1,2,1,79,52,27,3,27,5,22,0,22,2,20,9
2,1,1,4,19,0,19,8,19,0,19,0,19,2,17,6
4,3,4,1,52,18,34,21,34,8,26,25,26,4,22,5
0,0,4,4,45,35,10,0,10,2,8,2,8,1,7,3
3,1,1,3,11,6,5,4,5,5,0,0,0,0,0,0
4,0,1,2,53,52,1,0,1,1,0,0,0,0,0,0
1,1,3,3,15,11,4,3,4,2,2,0,2,2,0,0
1,4,0,1,50,29,21,14,21,2,19,11,19,18,1,1
4,0,1,0,51,32,19,14,19,13,6,2,6,6,0,0
0,2,1,1,24,17,7,4,7,0,7,2,7,5,2,2
2,0,2,4,31,30,1,0,1,0,1,1,1,1,0,0
4,4,4,4,77,54,23,17,23,2,21,13,21,13,8,1
0,4,1,3,17,15,2,0,2,2,0,0,0,0,0,0
0,0,3,0,35,2,33,5,33,27,6,5,6,0,6,3
1,2,1,2,72,58,14,6,14,5,9,1,9,3,6,0
2,0,2,2,33,10,23,2,23,19,4,1,4,4,0,0
2,4,4,2,21,5,16,1,16,1,15,13,15,12,3,2
1,0,3,3,33,18,15,0,15,10,5,2,5,2,3,1
4,1,0,2,27,2,25,2,25,18,7,6,7,7,0,0
4,1,1,1,35,20,15,13,15,2,13,6,13,6,7,2
2,2,4,2,59,28,31,14,31,29,2,0,2,2,0,0
2,1,0,4,27,5,22,20,22,11,11,7,11,0,11,5
2,0,4,4,39,39,0,0,0,0,0,0,0,0,0,0
2,3,2,0,7,0,7,6,7,7,0,0,0,0,0,0
4,0,0,2,21,19,2,2,2,1,1,0,1,1,0,0
2,0,0,4,37,17,20,6,20,12,8,3,8,5,3,3
4,4,3,3,14,3,11,11,11,6,5,5,5,3,2,0
1,1,4,3,31,0,31,18,31,23,8,1,8,5,3,1
4,4,4,1,30,12,18,5,18,2,16,5,16,12,4,2
1,2,0,4,32,9,23,2,23,23,0,0,0,0,0,0
1,2,0,4,28,14,14,7,14,6,8,5,8,2,6,5
4,4,4,3,32,4,28,27,28,18,10,8,10,10,0,0
1,0,1,4,44,24,20,3,20,10,10,2,10,10,0,0
3,3,0,2,20,16,4,3,4,0,4,3,4,3,1,1
0,3,4,2,77,53,24,12,24,18,6,4,6,3,3,3
1,2,2,2,27,20,7,2,7,0,7,7,7,5,2,0
4,4,1,3,39,16,23,14,23,11,12,9,12,1,11,5
4,3,0,4,63,9,54,38,54,27,27,24,27,1,26,14
0,3,4,4,26,5,21,20,21,11,10,4,10,2,8,0
4,2,1,1,5,5,0,0,0,0,0,0,0,0,0,0
3,4,1,0,40,36,4,0,4,2,2,2,2,1,1,0
0,1,3,0,38,37,1,0,1,0,1,0,1,0,1,0
1,2,1,3,43,8,35,14,35,23,12,11,12,9,3,2
3,4,2,2,36,8,28,17,28,13,15,14,15,3,12,2
3,0,1,4,32,32,0,0,0,0,0,0,0,0,0,0
2,2,0,4,21,9,12,9,12,1,11,2,11,5,6,5
2,3,1,4,38,7,31,3,31,22,9,5,9,1,8,0
0,2,0,2,9,9,0,0,0,0,0,0,0,0,0,0
0,0,0,4,15,1,14,3,14,6,8,0,8,3,5,5
3,1,4,1,25,2,23,17,23,22,1,0,1,0,1,1
1,2,0,3,31,27,4,2,4,3,1,1,1,1,0,0
1,0,3,2,64,57,7,4,7,7,0,0,0,0,0,0
3,2,4,3,2,0,2,1,2,0,2,1,2,0,2,0
0,3,2,4,23,0,23,20,23,18,5,1,5,3,2,2
3,3,2,1,14,11,3,0,3,0,3,1,3,0,3,3
1,0,4,1,20,13,7,5,7,2,5,3,5,0,5,2
3,1,0,4,25,10,15,11,15,9,6,6,6,2,4,1
0,1,3,1,23,20,3,3,3,0,3,2,3,0,3,0
3,2,4,1,52,40,12,1,12,12,0,0,0,0,0,0
2,3,4,1,53,46,7,4,7,3,4,0,4,3,1,0
1,1,3,1,47,30,17,3,17,12,5,1,5,3,2,1
1,3,3,4,33,19,14,1,14,4,10,3,10,2,8,1
3,1,0,2,47,30,17,13,17,9,8,1,8,0,8,2
1,4,2,4,50,34,16,9,16,16,0,0,0,0,0,0
1,3,1,4,0,0,0,0,0,0,0,0,0,0,0,0
1,3,0,2,33,26,7,2,7,3,4,0,4,2,2,1
2,1,0,0,7,1,6,0,6,3,3,0,3,2,1,0
2,2,2,3,59,9,50,18,50,44,6,0,6,6,0,0
0,2,1,1,1,1,0,0,0,0,0,0,0,0,0,0
2,2,3,1,52,38,14,1,14,3,11,9,11,9,2,2
4,1,0,0,43,18,25,10,25,3,22,12,22,21,1,0
3,3,4,2,32,7,25,12,25,25,0,0,0,0,0,0
1,3,4,4,15,2,13,10,13,7,6,5,6,5,1,1
1,2,2,4,58,32,26,24,26,19,7,2,7,4,3,1
3,3,3,0,47,23,24,14,24,11,13,4,13,12,1,1
0,3,4,0,24,13,11,10,11,0,11,8,11,3,8,2
2,4,1,1,55,48,7,3,7,0,7,4,7,1,6,5
1,4,0,3,30,24,6,0,6,0,6,2,6,4,2,2
4,3,1,0,15,4,11,5,11,9,2,0,2,0,2,0
3,2,3,4,22,11,11,8,11,7,4,3,4,3,1,0
2,4,4,2,20,6,14,4,14,9,5,3,5,2,3,2
4,0,3,2,52,9,43,6,43,39,4,2,4,3,1,0
0,3,0,2,61,28,33,9,33,16,17,0,17,11,6,5
4,1,2,4,40,15,25,25,25,14,11,6,11,11,0,0
2,0,4,2,46,40,6,1,6,2,4,1,4,4,0,0
3,4,2,0,34,8,26,13,26,1,25,17,25,0,25,11
1,1,1,1,15,10,5,0,5,5,0,0,0,0,0,0
3,0,0,2,56,44,12,7,12,8,4,4,4,1,3,0
1,0,0,3,11,11,0,0,0,0,0,0,0,0,0,0
1,2,2,3,22,4,18,1,18,11,7,4,7,5,2,1
3,4,3,1,67,64,3,2,3,0,3,3,3,3,0,0
1,2,0,2,59,52,7,3,7,6,1,1,1,0,1,1
4,3,4,4,24,19,5,5,5,5,0,0,0,0,0,0
4,4,3,2,44,1,43,32,43,3,40,36,40,20,20,8
1,1,3,2,14,14,0,0,0,0,0,0,0,0,0,0
4,3,3,2,69,67,2,0,2,1,1,1,1,1,0,0
0,0,2,4,47,43,4,0,4,1,3,2,3,0,3,2
4,3,2,0,35,5,30,16,30,7,23,14,23,1,22,10
2,2,0,2,22,22,0,0,0,0,0,0,0,0,0,0
0,3,0,1,68,20,48,29,48,20,28,23,28,20,8,1
4,1,1,1,16,5,11,1,11,5,6,1,6,5,1,1
1,2,3,2,45,12,33,4,33,30,3,3,3,3,0,0
4,1,2,0,29,15,14,8,14,11,3,0,3,3,0,0
2,4,4,4,64,46,18,16,18,2,16,12,16,5,11,2
0,3,0,4,21,20,1,0,1,0,1,0,1,0,1,0
1,0,4,2,26,17,9,3,9,8,1,1,1,0,1,1
4,0,0,2,32,19,13,7,13,12,1,0,1,1,0,0
4,4,3,2,32,5,27,20,27,7,20,5,20,5,15,10
0,2,3,1,34,6,28,10,28,13,15,5,15,7,8,5
4,1,1,3,7,2,5,2,5,5,0,0,0,0,0,0
3,3,2,0,14,4,10,7,10,4,6,1,6,0,6,0
1,4,0,1,66,63,3,3,3,1,2,2,2,2,0,0
2,3,4,1,54,3,51,32,51,3,48,24,48,26,22,12
4,2,2,4,58,26,32,10,32,19,13,10,13,1,12,7
0,4,2,0,27,9,18,13,18,16,2,0,2,2,0,0
2,0,3,4,9,6,3,3,3,3,0,0,0,0,0,0
1,2,4,0,66,40,26,0,26,13,13,2,13,5,8,3
1,4,3,2,53,48,5,0,5,0,5,1,5,1,4,1
2,1,3,0,46,27,19,6,19,15,4,2,4,1,3,3
0,4,1,1,27,23,4,0,4,4,0,0,0,0,0,0
3,3,1,1,25,17,8,3,8,6,2,0,2,1,1,1
0,4,0,2,24,1,23,4,23,22,1,1,1,1,0,0
4,3,1,3,3,1,2,1,2,1,1,0,1,1,0,0
1,4,0,4,35,16,19,7,19,12,7,6,7,7,0,0
3,1,0,0,31,8,23,20,23,12,11,9,11,1,10,7
2,3,4,0,49,39,10,10,10,5,5,4,5,3,2,1
2,1,3,3,31,6,25,4,25,9,16,15,16,15,1,1
1,3,3,2,33,15,18,9,18,10,8,2,8,1,7,2
3,0,4,4,27,20,7,3,7,6,1,0,1,0,1,0
2,0,0,2,56,36,20,8,20,6,14,13,14,9,5,2
0,1,1,4,46,9,37,30,37,21,16,11,16,12,4,4
0,0,1,4,10,1,9,2,9,5,4,0,4,3,1,0
0,0,0,0,29,18,11,11,11,4,7,6,7,3,4,4
0,3,2,0,23,14,9,4,9,5,4,2,4,0,4,2
3,4,1,3,17,1,16,4,16,4,12,5,12,8,4,1
0,2,2,2,16,11,5,2,5,5,0,0,0,0,0,0
1,1,3,4,51,24,27,20,27,14,13,1,13,12,1,1
0,4,4,1,53,38,15,4,15,6,9,8,9,5,4,1
0,0,1,2,57,36,21,10,21,12,9,2,9,5,4,2
2,0,4,3,44,13,31,13,31,10,21,14,21,21,0,0
4,2,0,0,23,19,4,0,4,2,2,0,2,1,1,0
1,0,4,3,8,1,7,7,7,4,3,1,3,1,2,1
3,1,2,1,22,12,10,7,10,10,0,0,0,0,0,0
0,4,0,3,20,11,9,2,9,4,5,1,5,0,5,0
4,2,2,2,33,14,19,14,19,19,0,0,0,0,0,0
2,2,4,1,17,1,16,5,16,2,14,1,14,1,13,1
0,2,2,4,27,17,10,2,10,1,9,8,9,6,3,3
0,0,1,4,58,27,31,11,31,20,11,8,11,8,3,0
2,1,0,0,22,3,19,7,19,7,12,1,12,7,5,0
2,2,3,3,3,2,1,0,1,1,0,0,0,0,0,0
4,4,0,3,31,24,7,2,7,5,2,1,2,1,1,0
1,0,2,1,18,0,18,2,18,14,4,1,4,2,2,2
0,0,2,3,17,1,16,14,16,1,15,6,15,11,4,4
4,0,0,1,59,39,20,12,20,19,1,1,1,0,1,0
0,0,1,3,33,27,6,5,6,4,2,2,2,1,1,0
2,0,3,0,25,5,20,11,20,11,9,8,9,3,6,0
3,0,0,1,11,10,1,0,1,1,0,0,0,0,0,0
0,4,0,1,46,3,43,43,43,16,27,23,27,15,12,4
0,4,3,1,6,6,0,0,0,0,0,0,0,0,0,0
4,1,4,3,15,13,2,1,2,0,2,0,2,0,2,0
1,4,0,2,31,31,0,0,0,0,0,0,0,0,0,0
2,1,4,0,27,2,25,24,25,10,15,5,15,3,12,0
3,0,2,1,6,5,1,0,1,1,0,0,0,0,0,0
0,0,1,2,31,18,13,9,13,7,6,2,6,0,6,2
4,3,2,4,12,5,7,2,7,3,4,4,4,4,0,0
4,3,2,0,21,15,6,4,6,3,3,2,3,0,3,3
0,1,3,4,32,15,17,0,17,13,4,2,4,4,0,0
1,1,2,1,27,1,26,18,26,15,11,1,11,10,1,0
0,0,1,4,32,16,16,16,16,7,9,1,9,6,3,1
3,0,1,2,52,24,28,21,28,17,11,7,11,2,9,0
4,3,4,0,26,18,8,8,8,5,3,2,3,0,3,2
4,2,4,2,6,1,5,0,5,5,0,0,0,0,0,0
4,1,3,0,23,7,16,10,16,10,6,0,6,1,5,0
0,2,0,0,69,36,33,19,33,14,19,19,19,4,15,8
0,1,2,4,25,24,1,0,1,1,0,0,0,0,0,0
0,1,0,1,36,26,10,7,10,8,2,1,2,0,2,0
1,4,4,1,13,7,6,6,6,5,1,0,1,1,0,0
2,2,2,0,9,2,7,6,7,1,6,5,6,1,5,3
2,0,0,4,15,0,15,10,15,14,1,0,1,0,1,1
0,1,0,1,51,30,21,14,21,10,11,5,11,7,4,3
4,1,0,0,25,22,3,1,3,3,0,0,0,0,0,0
4,4,0,3,22,11,11,0,11,11,0,0,0,0,0,0
0,2,2,2,53,12,41,9,41,6,35,2,35,20,15,2
0,2,3,4,34,3,31,16,31,9,22,8,22,3,19,17
1,3,4,1,31,4,27,6,27,24,3,2,3,3,0,0
0,3,0,0,42,22,20,12,20,4,16,5,16,14,2,2
1,3,0,3,8,5,3,2,3,2,1,0,1,0,1,1
4,3,1,4,19,1,18,4,18,3,15,5,15,14,1,1
0,0,2,4,22,22,0,0,0,0,0,0,0,0,0,0
2,4,0,0,50,42,8,7,8,3,5,0,5,1,4,4
4,1,4,0,31,16,15,5,15,15,0,0,0,0,0,0
4,2,3,1,21,9,12,11,12,2,10,6,10,5,5,4
0,1,1,3,38,1,37,12,37,29,8,3,8,3,5,5
3,4,0,1,15,6,9,1,9,4,5,3,5,2,3,2
0,2,4,2,38,23,15,9,15,8,7,5,7,6,1,0
1,3,2,2,31,29,2,0,2,1,1,1,1,0,1,0
4,1,0,4,33,23,10,7,10,2,8,5,8,4,4,2
4,0,2,0,31,11,20,11,20,11,9,7,9,7,2,1
2,1,1,3,54,25,29,10,29,26,3,1,3,0,3,1
2,2,4,1,12,12,0,0,0,0,0,0,0,0,0,0
4,0,0,3,36,17,19,3,19,7,12,10,12,3,9,9
1,0,2,0,46,30,16,11,16,10,6,0,6,3,3,3
2,1,3,2,46,38,8,8,8,2,6,5,6,1,5,4
0,4,1,2,43,38,5,2,5,0,5,5,5,2,3,1
0,1,3,4,9,6,3,1,3,3,0,0,0,0,0,0
3,3,3,0,18,17,1,1,1,0,1,1,1,0,1,1
0,0,1,3,32,0,32,15,32,12,20,18,20,1,19,13
3,2,3,0,23,12,11,9,11,6,5,0,5,1,4,3
4,4,4,3,26,2,24,20,24,3,21,15,21,8,13,13
2,2,1,2,56,9,47,41,47,8,39,26,39,19,20,20
2,1,2,0,17,8,9,4,9,4,5,0,5,4,1,0
2,2,2,3,33,22,11,10,11,4,7,2,7,5,2,2
1,1,3,2,57,11,46,31,46,28,18,8,18,1,17,6
2,0,0,4,40,11,29,6,29,9,20,19,20,20,0,0
2,3,3,1,10,10,0,0,0,0,0,0,0,0,0,0
2,0,0,3,42,21,21,16,21,8,13,9,13,2,11,5
0,1,4,3,29,25,4,2,4,4,0,0,0,0,0,0
0,4,0,3,20,14,6,1,6,4,2,1,2,1,1,1
3,3,1,0,0,0,0,0,0,0,0,0,0,0,0,0
1,1,1,3,70,58,12,6,12,1,11,2,11,3,8,2
0,0,0,4,34,30,4,0,4,0,4,1,4,2,2,1
0,3,4,1,22,10,12,12,12,5,7,4,7,0,7,1
0,1,4,4,8,3,5,5,5,0,5,3,5,0,5,0
1,0,0,0,71,15,56,40,56,18,38,27,38,27,11,11
1,3,4,4,8,3,5,5,5,4,1,1,1,0,1,1
1,3,3,0,21,10,11,11,11,3,8,0,8,7,1,0
3,3,0,0,15,6,9,4,9,4,5,5,5,4,1,0
0,4,3,1,13,7,6,2,6,0,6,5,6,2,4,1
3,0,1,1,12,0,12,1,12,1,11,0,11,2,9,1
3,1,2,3,54,53,1,1,1,1,0,0,0,0,0,0
1,2,1,4,30,15,15,11,15,9,6,6,6,4,2,2
0,3,2,4,28,5,23,9,23,18,5,3,5,3,2,0
4,0,3,1,24,8,16,5,16,7,9,1,9,8,1,0
0,3,0,4,24,24,0,0,0,0,0,0,0,0,0,0
2,1,0,0,9,4,5,4,5,5,0,0,0,0,0,0
3,4,4,3,15,0,15,10,15,1,14,5,14,7,7,0
0,0,0,4,30,10,20,12,20,2,18,9,18,5,13,10
3,3,4,1,30,11,19,7,19,8,11,0,11,10,1,0
1,4,1,2,18,8,10,5,10,7,3,3,3,3,0,0
0,0,4,3,33,4,29,1,29,7,22,6,22,4,18,12
4,0,3,1,22,13,9,3,9,2,7,5,7,5,2,1
2,2,0,1,30,22,8,2,8,8,0,0,0,0,0,0
2,2,3,1,17,8,9,2,9,5,4,1,4,4,0,0
2,0,0,4,30,14,16,7,16,3,13,2,13,13,0,0
2,4,0,3,13,0,13,12,13,9,4,1,4,3,1,0
4,1,3,2,48,6,42,38,42,1,41,41,41,34,7,3
0,4,2,3,23,19,4,4,4,4,0,0,0,0,0,0
1,2,4,4,11,5,6,1,6,4,2,0,2,1,1,0
4,1,3,3,37,16,21,7,21,3,18,10,18,18,0,0
1,4,0,2,30,1,29,18,29,2,27,0,27,14,13,4
3,1,3,3,34,18,16,4,16,9,7,1,7,1,6,3
4,2,4,4,32,24,8,6,8,7,1,0,1,0,1,1
0,0,2,0,39,27,12,4,12,7,5,4,5,4,1,1
2,1,2,0,34,23,11,6,11,1,10,10,10,2,8,2
0,0,0,1,11,0,11,2,11,3,8,5,8,6,2,0
3,1,4,2,54,15,39,29,39,3,36,27,36,33,3,3
0,3,4,0,0,0,0,0,0,0,0,0,0,0,0,0
3,4,3,4,50,16,34,12,34,19,15,1,15,5,10,8
0,4,0,4,38,23,15,9,15,10,5,2,5,5,0,0
3,0,0,1,8,8,0,0,0,0,0,0,0,0,0,0
3,4,4,1,44,13,31,19,31,20,11,2,11,8,3,2
1,3,4,1,27,6,21,13,21,20,1,1,1,0,1,1
1,3,3,2,65,42,23,19,23,16,7,5,7,5,2,0
1,1,3,1,50,43,7,3,7,4,3,1,3,1,2,0
1,0,0,2,58,44,14,4,14,2,12,11,12,0,12,11
2,0,2,2,9,9,0,0,0,0,0,0,0,0,0,0
3,0,3,3,47,31,16,1,16,11,5,3,5,2,3,2
2,4,2,4,40,13,27,22,27,14,13,12,13,10,3,1
4,0,3,0,25,4,21,16,21,5,16,9,16,12,4,2
4,0,3,3,48,41,7,3,7,3,4,4,4,0,4,4
2,3,2,4,49,47,2,2,2,1,1,0,1,0,1,0
1,2,0,0,47,8,39,5,39,36,3,3,3,3,0,0
4,3,4,3,24,18,6,5,6,2,4,2,4,3,1,1
4,4,4,2,17,0,17,6,17,4,13,12,13,12,1,0
1,1,1,4,39,22,17,15,17,11,6,0,6,0,6,1
3,1,2,1,53,26,27,22,27,13,14,7,14,3,11,1
0,0,2,2,23,9,14,5,14,14,0,0,0,0,0,0
3,2,1,0,21,9,12,3,12,10,2,0,2,2,0,0
1,1,2,2,26,16,10,7,10,4,6,1,6,3,3,0
1,2,4,4,46,23,23,6,23,20,3,0,3,3,0,0
1,3,4,0,39,24,15,13,15,5,10,7,10,5,5,4
3,4,1,4,21,12,9,8,9,7,2,1,2,0,2,0
2,0,1,1,40,5,35,35,35,28,7,6,7,4,3,3
0,3,2,0,22,3,19,19,19,3,16,4,16,3,13,2
3,2,1,0,22,17,5,0,5,5,0,0,0,0,0,0
0,1,1,2,36,10,26,17,26,22,4,2,4,2,2,0
1,4,0,4,32,30,2,0,2,2,0,0,0,0,0,0
3,3,2,2,52,23,29,22,29,18,11,1,11,1,10,10
4,4,4,4,27,27,0,0,0,0,0,0,0,0,0,0
0,4,1,2,23,2,21,7,21,9,12,7,12,5,7,1
0,1,3,3,8,3,5,4,5,4,1,0,1,1,0,0
4,4,2,2,51,36,15,2,15,12,3,2,3,2,1,0
0,1,2,2,44,12,32,11,32,27,5,3,5,5,0,0
4,1,3,3,26,26,0,0,0,0,0,0,0,0,0,0
0,0,4,3,55,18,37,33,37,13,24,7,24,7,17,11
3,1,0,1,65,7,58,26,58,40,18,14,18,0,18,17
1,3,4,0,0,0,0,0,0,0,0,0,0,0,0,0
0,2,3,4,15,3,12,0,12,6,6,1,6,6,0,0
4,3,4,4,24,4,20,17,20,19,1,0,1,1,0,0
2,1,4,4,16,6,10,2,10,9,1,0,1,1,0,0
1,0,1,2,28,1,27,12,27,4,23,18,23,10,13,0
4,4,2,4,10,3,7,1,7,1,6,3,6,5,1,0
3,3,2,2,43,20,23,22,23,1,22,3,22,1,21,9
4,2,0,1,33,1,32,21,32,23,9,8,9,4,5,1
0,4,2,2,27,16,11,6,11,3,8,6,8,7,1,0
4,4,0,1,18,15,3,2,3,0,3,3,3,0,3,3
0,0,0,1,58,13,45,43,45,29,16,12,16,3,13,11
4,4,3,4,36,21,15,8,15,6,9,5,9,9,0,0
2,1,3,4,33,1,32,18,32,9,23,21,23,22,1,0
0,2,2,1,45,30,15,9,15,10,5,2,5,3,2,0
0,0,2,2,21,14,7,5,7,4,3,1,3,1,2,1
4,0,3,1,3,0,3,0,3,1,2,2,2,2,0,0
1,0,3,4,10,3,7,3,7,5,2,2,2,0,2,2
0,2,4,3,32,9,23,8,23,23,0,0,0,0,0,0
2,2,0,2,44,28,16,14,16,6,10,0,10,9,1,1
3,3,0,4,28,7,21,21,21,6,15,4,15,12,3,1
0,4,2,4,42,37,5,4,5,0,5,4,5,3,2,2
1,1,3,2,19,2,17,5,17,1,16,16,16,12,4,2
1,2,4,1,2,1,1,1,1,1,0,0,0,0,0,0
4,4,2,0,40,24,16,10,16,5,11,5,11,2,9,5
0,2,0,1,48,25,23,5,23,15,8,5,8,6,2,1
1,0,3,1,16,15,1,1,1,0,1,1,1,1,0,0
0,4,1,2,47,25,22,9,22,6,16,2,16,5,11,9
1,3,0,0,49,22,27,22,27,23,4,2,4,2,2,2
3,0,2,3,25,3,22,7,22,4,18,0,18,4,14,10
1,0,0,3,21,1,20,5,20,20,0,0,0,0,0,0
4,3,4,1,41,14,27,12,27,23,4,2,4,4,0,0
1,4,4,3,19,17,2,0,2,0,2,2,2,1,1,1
0,1,0,0,1,0,1,0,1,1,0,0,0,0,0,0
1,0,4,2,25,2,23,2,23,23,0,0,0,0,0,0
3,4,4,2,55,53,2,0,2,0,2,0,2,0,2,2
1,3,0,1,27,18,9,1,9,4,5,0,5,2,3,1
1,0,3,0,57,28,29,3,29,2,27,8,27,17,10,5
4,4,0,2,50,27,23,22,23,6,17,3,17,15,2,1
0,2,2,4,42,10,32,20,32,32,0,0,0,0,0,0
1,2,0,3,67,36,31,4,31,4,27,1,27,18,9,4
0,3,1,0,24,13,11,6,11,2,9,9,9,9,0,0
0,4,3,0,9,8,1,1,1,1,0,0,0,0,0,0
4,1,3,0,18,16,2,1,2,1,1,1,1,1,0,0
4,4,2,3,22,12,10,9,10,9,1,1,1,0,1,1
1,3,2,1,45,20,25,5,25,9,16,12,16,1,15,6
2,3,3,1,11,7,4,1,4,1,3,0,3,0,3,0
0,1,4,3,54,35,19,2,19,2,17,6,17,10,7,1
4,4,1,1,53,10,43,13,43,8,35,6,35,29,6,1
4,1,1,0,63,1,62,13,62,54,8,5,8,1,7,3
3,2,2,2,22,0,22,7,22,21,1,0,1,0,1,1
2,4,4,2,37,35,2,2,2,2,0,0,0,0,0,0
0,0,3,4,19,12,7,0,7,1,6,4,6,1,5,4
4,3,4,0,10,7,3,1,3,0,3,3,3,3,0,0
4,2,4,0,39,20,19,10,19,11,8,8,8,7,1,1
2,4,3,2,21,4,17,12,17,14,3,2,3,3,0,0
4,2,1,4,62,13,49,38,49,8,41,17,41,16,25,24
1,1,3,1,23,23,0,0,0,0,0,0,0,0,0,0
1,0,4,3,13,13,0,0,0,0,0,0,0,0,0,0
1,0,4,4,42,18,24,18,24,10,14,8,14,9,5,5
1,3,1,4,32,1,31,26,31,30,1,1,1,1,0,0
0,2,0,0,34,32,2,2,2,0,2,0,2,2,0,0
4,2,4,0,34,0,34,18,34,28,6,2,6,3,3,3
0,1,1,3,8,6,2,2,2,1,1,1,1,1,0,0
2,4,4,4,44,36,8,3,8,2,6,5,6,6,0,0
3,1,0,1,51,16,35,6,35,24,11,6,11,11,0,0
4,2,1,1,63,61,2,2,2,2,0,0,0,0,0,0
0,0,2,3,5,0,5,4,5,1,4,2,4,1,3,1
1,2,1,2,25,18,7,5,7,5,2,2,2,1,1,1
4,1,0,4,48,38,10,8,10,1,9,1,9,9,0,0
0,1,3,3,53,29,24,6,24,11,13,2,13,6,7,4
2,2,1,4,54,26,28,3,28,15,13,5,13,4,9,8
0,0,2,3,9,9,0,0,0,0,0,0,0,0,0,0
3,4,1,0,7,2,5,4,5,5,0,0,0,0,0,0
0,2,4,0,28,12,16,8,16,0,16,5,16,0,16,11
0,3,2,3,57,55,2,2,2,1,1,0,1,0,1,0
0,2,3,1,14,11,3,3,3,0,3,0,3,1,2,1
1,4,4,0,38,37,1,1,1,0,1,0,1,0,1,0
3,0,0,1,13,6,7,6,7,4,3,2,3,0,3,2
3,0,1,4,12,11,1,0,1,0,1,0,1,0,1,1
1,1,0,4,22,2,20,14,20,15,5,1,5,3,2,1
4,4,4,0,16,12,4,0,4,3,1,1,1,1,0,0
4,1,2,1,27,13,14,13,14,8,6,1,6,1,5,0
4,1,2,0,44,25,19,6,19,8,11,2,11,7,4,3
1,1,4,1,49,16,33,7,33,11,22,6,22,21,1,0
3,4,4,1,42,3,39,15,39,33,6,5,6,1,5,3
4,0,2,1,28,28,0,0,0,0,0,0,0,0,0,0
4,1,4,3,11,4,7,4,7,7,0,0,0,0,0,0
3,1,4,1,32,23,9,6,9,0,9,7,9,5,4,2
2,4,1,4,16,3,13,9,13,4,9,3,9,1,8,4
0,4,1,0,7,7,0,0,0,0,0,0,0,0,0,0
0,0,0,2,48,40,8,1,8,7,1,0,1,0,1,1
0,2,4,4,11,0,11,0,11,0,11,3,11,10,1,1
3,1,1,0,19,3,16,0,16,14,2,2,2,1,1,0
1,1,3,2,16,1,15,6,15,6,9,5,9,4,5,1
3,1,1,3,34,22,12,11,12,8,4,1,4,0,4,2
0,3,0,3,28,7,21,20,21,2,19,8,19,4,15,3
1,1,2,4,21,2,19,4,19,15,4,2,4,0,4,3
3,4,4,1,25,9,16,1,16,7,9,1,9,2,7,4
4,4,1,2,51,34,17,4,17,15,2,1,2,2,0,0
2,3,0,0,41,25,16,5,16,13,3,3,3,2,1,0
3,4,4,4,21,10,11,4,11,0,11,4,11,7,4,0
4,1,1,1,12,0,12,0,12,6,6,6,6,5,1,1
1,2,1,3,60,30,30,28,30,27,3,1,3,2,1,0
1,3,1,1,27,27,0,0,0,0,0,0,0,0,0,0
0,0,2,3,18,0,18,17,18,17,1,1,1,1,0,0
3,1,3,2,49,40,9,0,9,5,4,4,4,0,4,1
4,3,3,2,26,24,2,2,2,0,2,0,2,2,0,0
3,4,1,4,56,54,2,0,2,1,1,1,1,1,0,0
4,2,1,2,16,14,2,2,2,0,2,0,2,0,2,2
3,0,2,2,47,40,7,4,7,6,1,0,1,1,0,0
0,2,3,0,74,25,49,18,49,10,39,19,39,17,22,18
4,1,3,2,4,4,0,0,0,0,0,0,0,0,0,0
4,2,2,4,50,13,37,16,37,15,22,10,22,10,12,10
2,4,0,4,32,30,2,0,2,2,0,0,0,0,0,0
3,4,3,0,37,30,7,2,7,1,6,1,6,3,3,3
2,2,3,1,64,47,17,10,17,2,15,1,15,9,6,5
0,1,4,4,16,16,0,0,0,0,0,0,0,0,0,0
4,3,2,2,16,2,14,12,14,8,6,6,6,0,6,5
1,2,1,0,9,0,9,7,9,4,5,4,5,1,4,3
2,2,1,1,42,3,39,10,39,17,22,7,22,22,0,0
0,0,2,0,4,1,3,1,3,1,2,1,2,1,1,1
0,1,1,2,48,4,44,25,44,42,2,2,2,1,1,0
2,2,2,3,18,15,3,3,3,2,1,0,1,1,0,0
2,4,4,1,41,37,4,4,4,0,4,4,4,0,4,4
4,2,3,1,38,13,25,15,25,16,9,4,9,2,7,4
4,0,4,3,30,22,8,5,8,2,6,4,6,4,2,1
4,1,2,2,40,33,7,7,7,7,0,0,0,0,0,0
0,2,0,1,11,11,0,0,0,0,0,0,0,0,0,0
3,1,3,1,38,33,5,1,5,0,5,0,5,4,1,0
0,0,0,0,36,27,9,3,9,4,5,2,5,4,1,1
4,0,2,0,62,7,55,50,55,37,18,7,18,11,7,6
1,2,3,1,24,9,15,13,15,4,11,1,11,6,5,4
0,1,2,0,19,15,4,1,4,0,4,4,4,4,0,0
0,3,2,3,49,13,36,22,36,20,16,10,16,0,16,13
0,0,1,1,0,0,0,0,0,0,0,0,0,0,0,0
4,3,3,2,24,1,23,7,23,1,22,14,22,21,1,0
2,1,3,2,16,1,15,3,15,6,9,2,9,5,4,3
2,4,0,0,44,24,20,11,20,3,17,13,17,12,5,1
1,0,0,1,52,40,12,2,12,11,1,0,1,0,1,0
1,1,4,4,13,4,9,4,9,9,0,0,0,0,0,0
3,1,4,3,38,5,33,6,33,13,20,3,20,0,20,3
0,4,3,0,78,0,78,68,78,19,59,24,59,23,36,32
2,0,1,3,50,2,48,27,48,4,44,14,44,8,36,4
3,4,4,1,27,21,6,2,6,3,3,0,3,3,0,0
3,3,3,4,31,31,0,0,0,0,0,0,0,0,0,0
2,4,3,1,57,12,45,12,45,22,23,22,23,1,22,6
0,1,1,3,59,47,12,10,12,9,3,0,3,1,2,1
4,4,3,4,60,28,32,31,32,12,20,3,20,19,1,0
1,1,2,2,24,4,20,0,20,18,2,1,2,2,0,0
0,4,4,0,25,14,11,11,11,9,2,0,2,0,2,2
4,0,2,4,39,28,11,0,11,9,2,2,2,1,1,1
1,3,3,1,5,2,3,3,3,2,1,1,1,1,0,0
2,0,3,0,40,7,33,11,33,33,0,0,0,0,0,0
3,4,0,3,30,18,12,12,12,3,9,3,9,5,4,4
2,4,2,0,38,8,30,23,30,2,28,28,28,8,20,10
2,2,2,4,40,21,19,11,19,0,19,5,19,13,6,0
1,1,0,4,31,14,17,10,17,11,6,5,6,5,1,1
3,4,4,4,14,10,4,3,4,4,0,0,0,0,0,0
0,1,3,1,7,3,4,3,4,0,4,4,4,4,0,0
0,4,3,1,52,41,11,8,11,2,9,8,9,7,2,1
4,0,3,4,24,22,2,1,2,1,1,1,1,1,0,0
0,2,0,2,38,16,22,14,22,5,17,1,17,9,8,3
3,2,2,1,7,4,3,2,3,3,0,0,0,0,0,0
4,0,3,2,38,6,32,19,32,19,13,13,13,9,4,2
1,3,2,2,19,12,7,0,7,5,2,0,2,0,2,2
4,4,2,2,59,7,52,26,52,0,52,1,52,35,17,0
0,2,4,3,9,7,2,1,2,2,0,0,0,0,0,0
4,3,1,0,38,17,21,20,21,4,17,10,17,2,15,14
1,4,4,0,19,19,0,0,0,0,0,0,0,0,0,0
4,3,1,2,11,3,8,4,8,8,0,0,0,0,0,0
3,1,2,0,29,6,23,5,23,1,22,4,22,2,20,2
0,1,0,1,40,38,2,1,2,0,2,2,2,2,0,0
3,0,3,1,34,22,12,10,12,11,1,1,1,1,0,0
2,0,3,0,50,19,31,31,31,21,10,7,10,3,7,2
3,2,1,1,56,34,22,18,22,19,3,3,3,1,2,1
0,1,1,3,74,52,22,20,22,16,6,3,6,1,5,3
1,4,0,4,27,23,4,2,4,3,1,1,1,0,1,1
1,2,4,1,9,4,5,2,5,5,0,0,0,0,0,0
0,3,4,3,48,37,11,3,11,10,1,0,1,1,0,0
0,1,0,0,22,15,7,3,7,0,7,2,7,0,7,5
1,4,2,4,21,15,6,5,6,4,2,2,2,2,0,0
4,0,4,2,23,19,4,4,4,0,4,4,4,2,2,0
1,2,4,1,65,23,42,36,42,21,21,16,21,14,7,4
3,1,3,3,49,31,18,18,18,9,9,1,9,8,1,1
4,2,2,0,9,2,7,1,7,4,3,0,3,0,3,0
1,0,3,0,53,26,27,12,27,4,23,0,23,7,16,0
0,0,1,2,72,59,13,1,13,10,3,2,3,1,2,0
2,2,3,1,24,8,16,16,16,3,13,5,13,11,2,2
1,0,1,4,19,8,11,0,11,7,4,3,4,3,1,1
1,4,4,3,42,25,17,1,17,10,7,3,7,4,3,3
0,4,1,4,76,59,17,2,17,10,7,2,7,1,6,4
4,4,0,3,9,3,6,4,6,1,5,4,5,0,5,5
1,0,3,2,12,11,1,1,1,1,0,0,0,0,0,0
3,3,2,1,3,1,2,0,2,1,1,1,1,0,1,0
4,2,2,4,25,19,6,5,6,3,3,3,3,1,2,2
4,1,0,4,21,7,14,13,14,14,0,0,0,0,0,0
3,4,1,0,38,7,31,8,31,2,29,7,29,27,2,0
2,0,2,0,40,20,20,2,20,7,13,4,13,8,5,1
4,2,0,2,55,40,15,6,15,1,14,4,14,0,14,5
3,0,1,2,16,8,8,7,8,3,5,2,5,4,1,1
4,1,4,3,43,6,37,25,37,35,2,2,2,2,0,0
2,3,0,2,33,7,26,23,26,16,10,5,10,7,3,0
0,0,2,2,59,29,30,26,30,11,19,15,19,17,2,2
0,4,2,3,28,16,12,2,12,2,10,9,10,7,3,3
2,0,0,2,39,30,9,1,9,6,3,3,3,2,1,1
0,3,3,3,60,18,42,15,42,29,13,7,13,13,0,0
4,2,1,2,31,30,1,0,1,0,1,1,1,0,1,0
4,2,2,4,75,47,28,6,28,11,17,6,17,4,13,8
0,2,1,0,5,0,5,1,5,5,0,0,0,0,0,0
1,0,2,1,50,37,13,2,13,12,1,0,1,0,1,1
4,3,1,1,46,24,22,2,22,12,10,2,10,5,5,4
0,4,0,4,42,26,16,4,16,16,0,0,0,0,0,0
0,1,4,0,35,35,0,0,0,0,0,0,0,0,0,0
0,2,0,4,27,9,18,8,18,0,18,8,18,10,8,3
2,2,1,1,23,0,23,2,23,10,13,12,13,3,10,10
2,2,4,0,38,14,24,8,24,15,9,0,9,2,7,6
2,0,0,3,32,23,9,8,9,8,1,1,1,1,0,0
4,2,3,4,46,29,17,14,17,1,16,10,16,11,5,0
2,0,0,1,72,45,27,19,27,4,23,7,23,2,21,16
1,1,3,4,38,3,35,5,35,17,18,15,18,4,14,9
0,2,4,4,22,22,0,0,0,0,0,0,0,0,0,0
0,4,0,4,36,6,30,25,30,12,18,16,18,7,11,7
0,0,1,1,18,18,0,0,0,0,0,0,0,0,0,0
3,4,1,0,9,2,7,7,7,2,5,1,5,0,5,0
0,2,3,0,26,26,0,0,0,0,0,0,0,0,0,0
3,1,0,1,37,6,31,0,31,24,7,7,7,0,7,1
1,2,1,0,0,0,0,0,0,0,0,0,0,0,0,0
1,0,4,4,25,13,12,4,12,10,2,0,2,0,2,1
2,4,0,2,54,34,20,18,20,3,17,14,17,15,2,2
0,4,0,1,64,58,6,5,6,5,1,1,1,0,1,1
0,3,0,3,39,36,3,2,3,0,3,2,3,3,0,0
0,2,4,3,28,4,24,0,24,18,6,5,6,6,0,0
0,2,0,3,38,23,15,2,15,12,3,1,3,1,2,2
1,1,0,3,67,11,56,23,56,47,9,4,9,3,6,1
3,4,1,4,40,28,12,2,12,2,10,9,10,6,4,2
4,4,3,3,32,7,25,7,25,10,15,14,15,6,9,1
3,4,3,4,13,2,11,1,11,2,9,5,9,3,6,4
4,2,1,2,47,23,24,22,24,20,4,0,4,3,1,0
0,1,2,0,20,1,19,1,19,14,5,0,5,5,0,0
2,4,1,3,8,8,0,0,0,0,0,0,0,0,0,0
3,1,0,2,25,4,21,5,21,2,19,8,19,18,1,0
0,2,4,0,14,12,2,2,2,1,1,0,1,0,1,0
4,1,4,0,32,11,21,20,21,6,15,15,15,10,5,3
4,4,2,3,26,12,14,8,14,6,8,8,8,1,7,1
3,0,3,3,16,3,13,1,13,3,10,7,10,8,2,2
0,4,0,2,15,2,13,12,13,4,9,7,9,2,7,1
3,1,4,2,42,12,30,17,30,5,25,15,25,8,17,8
0,3,4,3,38,18,20,15,20,15,5,2,5,4,1,1
3,2,1,4,17,17,0,0,0,0,0,0,0,0,0,0
0,3,2,2,38,31,7,5,7,6,1,1,1,0,1,1
4,3,4,2,41,1,40,36,40,31,9,1,9,1,8,1
2,3,1,2,32,29,3,3,3,2,1,1,1,0,1,1
3,4,1,4,16,14,2,2,2,0,2,0,2,1,1,0
4,0,2,4,8,8,0,0,0,0,0,0,0,0,0,0
1,0,0,0,46,10,36,20,36,16,20,19,20,12,8,2
2,3,4,3,69,27,42,24,42,7,35,13,35,25,10,8
4,2,2,1,19,14,5,2,5,3,2,2,2,1,1,1
3,1,3,3,56,33,23,0,23,10,13,12,13,4,9,9
4,3,2,2,22,14,8,4,8,4,4,2,4,1,3,3
3,2,2,1,3,1,2,2,2,2,0,0,0,0,0,0
4,4,3,0,47,19,28,0,28,17,11,7,11,4,7,4
2,4,3,0,53,51,2,2,2,2,0,0,0,0,0,0
2,4,2,4,14,1,13,2,13,11,2,1,2,2,0,0
0,2,3,2,39,34,5,4,5,2,3,0,3,1,2,0
2,1,4,1,48,43,5,5,5,1,4,2,4,1,3,2
1,4,0,3,27,2,25,12,25,19,6,6,6,1,5,5
2,3,1,3,7,3,4,0,4,0,4,4,4,4,0,0
3,2,4,0,19,18,1,1,1,0,1,0,1,0,1,1
2,4,3,0,44,38,6,0,6,2,4,3,4,1,3,2
2,4,3,0,45,9,36,5,36,26,10,3,10,2,8,3
4,3,1,0,16,6,10,1,10,9,1,1,1,0,1,1
1,0,3,0,16,15,1,0,1,0,1,0,1,1,0,0
1,4,3,4,39,25,14,6,14,3,11,0,11,9,2,0
0,1,0,0,12,10,2,0,2,1,1,1,1,1,0,0
0,4,3,0,17,8,9,7,9,1,8,3,8,3,5,5
1,1,2,0,38,11,27,17,27,26,1,0,1,0,1,1
4,2,0,0,22,16,6,2,6,4,2,2,2,1,1,1
4,4,2,4,39,25,14,3,14,12,2,2,2,0,2,2
1,0,3,0,32,7,25,4,25,19,6,4,6,1,5,1
4,3,3,1,22,17,5,5,5,5,0,0,0,0,0,0
1,3,3,2,42,36,6,1,6,6,0,0,0,0,0,0
0,3,0,2,44,31,13,10,13,8,5,1,5,4,1,0
1,2,3,0,35,15,20,18,20,4,16,10,16,16,0,0
1,1,2,1,50,46,4,2,4,2,2,0,2,1,1,0
0,0,0,2,48,35,13,0,13,1,12,11,12,12,0,0
0,3,3,0,45,7,38,12,38,3,35,32,35,16,19,8
0,3,3,3,50,19,31,1,31,5,26,10,26,23,3,0
1,2,2,2,42,13,29,28,29,8,21,21,21,12,9,8
4,0,1,0,46,26,20,11,20,3,17,3,17,0,17,4
4,4,0,3,41,11,30,9,30,10,20,18,20,1,19,19
3,1,0,3,53,19,34,21,34,31,3,2,3,2,1,1
0,3,2,3,31,24,7,6,7,7,0,0,0,0,0,0
0,3,0,2,21,15,6,3,6,2,4,2,4,2,2,2
3,0,0,3,59,45,14,1,14,11,3,2,3,2,1,1
0,0,0,2,12,0,12,8,12,1,11,0,11,5,6,1
2,0,0,3,47,23,24,15,24,14,10,6,10,8,2,2
0,3,4,1,82,43,39,12,39,23,16,9,16,3,13,3
4,2,2,3,31,25,6,0,6,0,6,4,6,5,1,0
4,0,1,2,49,16,33,22,33,20,13,0,13,0,13,5
2,2,1,2,5,3,2,1,2,2,0,0,0,0,0,0
2,1,4,1,31,30,1,0,1,0,1,1,1,0,1,0
1,3,4,4,45,20,25,24,25,16,9,8,9,8,1,0
2,2,3,4,11,10,1,0,1,0,1,1,1,1,0,0
1,0,4,0,32,29,3,1,3,0,3,3,3,1,2,2
2,0,4,2,0,0,0,0,0,0,0,0,0,0,0,0
3,4,4,2,61,7,54,9,54,42,12,0,12,0,12,9
0,4,0,0,26,18,8,3,8,5,3,1,3,1,2,0
2,1,0,4,28,8,20,19,20,4,16,14,16,2,14,4
0,0,4,2,30,25,5,3,5,2,3,0,3,2,1,0
1,0,2,1,9,5,4,0,4,2,2,1,2,1,1,0
0,3,0,1,4,3,1,0,1,0,1,1,1,0,1,0
0,0,0,2,15,1,14,12,14,0,14,3,14,0,14,4
4,3,1,0,11,1,10,2,10,4,6,0,6,0,6,1
1,4,4,2,27,18,9,6,9,2,7,1,7,1,6,6
2,4,0,0,33,28,5,0,5,1,4,3,4,0,4,2
0,2,2,0,15,3,12,10,12,8,4,0,4,1,3,3
1,1,2,1,39,37,2,1,2,0,2,2,2,2,0,0
3,0,3,2,69,32,37,21,37,25,12,6,12,9,3,1
3,2,1,0,23,11,12,0,12,9,3,2,3,1,2,2
0,2,3,0,46,46,0,0,0,0,0,0,0,0,0,0
2,2,0,4,39,28,11,8,11,9,2,1,2,0,2,1
4,3,1,1,25,14,11,6,11,9,2,1,2,1,1,0
3,0,1,1,45,36,9,1,9,3,6,4,6,3,3,2
2,2,2,4,54,34,20,6,20,20,0,0,0,0,0,0
2,4,2,1,31,24,7,5,7,1,6,4,6,1,5,1
4,1,3,1,44,22,22,7,22,8,14,6,14,1,13,9
1,3,0,3,10,8,2,1,2,2,0,0,0,0,0,0
2,3,3,1,12,5,7,7,7,2,5,4,5,2,3,1
3,4,0,0,38,29,9,1,9,4,5,3,5,0,5,5
3,4,3,1,39,25,14,0,14,5,9,6,9,1,8,0
1,1,0,4,23,9,14,2,14,12,2,1,2,1,1,0
1,3,4,1,31,4,27,23,27,9,18,10,18,9,9,0
4,4,0,1,43,0,43,13,43,25,18,9,18,17,1,0
3,0,0,3,43,20,23,21,23,8,15,6,15,13,2,1
3,1,2,3,3,3,0,0,0,0,0,0,0,0,0,0
0,4,2,4,37,28,9,8,9,0,9,3,9,0,9,5
1,3,0,4,29,28,1,1,1,0,1,1,1,0,1,1
4,1,2,1,51,32,19,2,19,13,6,6,6,2,4,1
1,4,0,0,4,3,1,0,1,0,1,1,1,1,0,0
0,4,2,4,30,29,1,0,1,0,1,0,1,0,1,1
1,0,2,1,51,24,27,18,27,22,5,4,5,5,0,0
1,1,0,2,58,25,33,25,33,8,25,2,25,6,19,4
3,0,1,4,37,37,0,0,0,0,0,0,0,0,0,0
0,4,4,2,34,25,9,9,9,8,1,0,1,0,1,1
4,2,3,2,20,14,6,4,6,5,1,1,1,0,1,1
3,0,0,0,22,18,4,4,4,4,0,0,0,0,0,0
3,0,0,4,25,5,20,8,20,19,1,0,1,1,0,0
2,0,0,0,40,25,15,9,15,3,12,6,12,2,10,0
1,3,4,0,49,8,41,10,41,38,3,2,3,2,1,0
1,2,4,4,37,22,15,5,15,15,0,0,0,0,0,0
3,4,2,1,15,1,14,13,14,11,3,0,3,0,3,1
1,2,0,4,10,10,0,0,0,0,0,0,0,0,0,0
1,0,1,3,4,2,2,2,2,2,0,0,0,0,0,0
3,3,2,3,40,14,26,16,26,0,26,7,26,13,13,2
3,1,0,3,11,1,10,6,10,1,9,1,9,5,4,1
1,1,4,4,22,18,4,4,4,3,1,0,1,0,1,1
3,2,2,1,24,1,23,0,23,15,8,0,8,0,8,0
3,0,3,1,52,45,7,5,7,2,5,2,5,1,4,2
3,2,3,0,0,0,0,0,0,0,0,0,0,0,0,0
2,3,2,4,29,21,8,6,8,7,1,0,1,0,1,1
4,2,3,3,22,0,22,3,22,1,21,16,21,0,21,11
3,2,3,4,23,0,23,0,23,10,13,8,13,9,4,2
4,0,2,1,41,17,24,14,24,13,11,4,11,0,11,4
4,4,2,1,48,44,4,3,4,2,2,2,2,1,1,1
0,2,0,4,41,27,14,14,14,5,9,1,9,3,6,6
4,1,0,0,17,1,16,9,16,6,10,2,10,1,9,7
0,0,0,3,38,24,14,12,14,14,0,0,0,0,0,0
0,0,4,3,36,29,7,4,7,1,6,2,6,4,2,0
2,4,3,1,5,4,1,1,1,0,1,0,1,0,1,0
0,1,3,2,39,26,13,5,13,9,4,4,4,0,4,3
2,2,1,2,2,2,0,0,0,0,0,0,0,0,0,0
3,1,4,0,38,0,38,22,38,27,11,0,11,0,11,11
4,0,3,0,46,25,21,19,21,16,5,4,5,0,5,2
3,0,4,3,26,26,0,0,0,0,0,0,0,0,0,0
1,0,2,0,19,7,12,12,12,2,10,10,10,8,2,0
2,2,0,1,38,34,4,0,4,3,1,0,1,1,0,0
2,0,4,2,2,1,1,0,1,0,1,0,1,1,0,0
2,3,1,2,62,37,25,11,25,24,1,0,1,0,1,0
2,1,3,1,49,45,4,2,4,2,2,0,2,0,2,1
0,3,4,1,45,17,28,2,28,15,13,9,13,8,5,3
1,0,4,1,21,14,7,7,7,4,3,0,3,2,1,1
0,0,1,4,28,0,28,12,28,3,25,12,25,1,24,8
2,0,3,3,39,7,32,14,32,11,21,10,21,4,17,10
1,4,4,0,27,4,23,4,23,15,8,7,8,2,6,3
0,3,1,2,43,43,0,0,0,0,0,0,0,0,0,0
4,2,4,2,12,2,10,8,10,3,7,5,7,0,7,2
2,1,3,0,44,23,21,11,21,14,7,6,7,7,0,0
3,3,4,2,37,5,32,32,32,17,15,3,15,13,2,1
1,1,1,2,33,23,10,6,10,1,9,2,9,7,2,1
4,0,3,1,31,20,11,2,11,4,7,3,7,3,4,4
1,1,2,1,9,9,0,0,0,0,0,0,0,0,0,0
3,2,1,1,15,7,8,7,8,5,3,0,3,3,0,0
3,0,3,4,13,4,9,2,9,5,4,2,4,4,0,0
4,0,2,0,13,2,11,4,11,5,6,0,6,2,4,2
4,3,3,3,85,15,70,14,70,39,31,0,31,16,15,13
2,4,2,2,37,34,3,3,3,0,3,0,3,3,0,0
2,1,2,1,45,18,27,5,27,4,23,5,23,21,2,0
3,3,1,2,48,36,12,6,12,8,4,4,4,1,3,1
3,0,3,1,20,7,13,13,13,3,10,0,10,10,0,0
2,4,4,2,65,49,16,15,16,7,9,3,9,2,7,1
1,1,4,0,71,2,69,58,69,55,14,7,14,2,12,11
2,0,3,3,24,1,23,12,23,11,12,2,12,9,3,0
4,3,2,4,50,49,1,0,1,0,1,0,1,1,0,0
0,2,4,2,12,4,8,6,8,6,2,0,2,2,0,0
3,2,3,1,22,14,8,5,8,1,7,7,7,1,6,6
1,0,2,2,0,0,0,0,0,0,0,0,0,0,0,0
3,1,0,3,6,3,3,3,3,0,3,2,3,3,0,0
2,1,0,1,50,34,16,0,16,16,0,0,0,0,0,0
3,2,2,3,8,3,5,0,5,5,0,0,0,0,0,0
2,3,1,4,15,1,14,14,14,1,13,9,13,8,5,3
2,3,3,2,28,16,12,1,12,11,1,0,1,0,1,0
3,2,4,2,45,12,33,23,33,8,25,8,25,15,10,7
3,0,3,0,41,21,20,3,20,5,15,1,15,0,15,5
0,3,3,4,22,21,1,1,1,1,0,0,0,0,0,0
0,2,0,0,22,5,17,14,17,16,1,1,1,0,1,1
3,3,0,2,18,14,4,1,4,2,2,1,2,0,2,2
0,2,3,2,17,3,14,6,14,10,4,0,4,2,2,0
0,2,0,3,36,20,16,6,16,11,5,3,5,3,2,1
2,1,0,0,20,16,4,3,4,3,1,1,1,0,1,0
2,4,0,3,13,0,13,6,13,2,11,9,11,9,2,0
2,0,0,2,27,21,6,5,6,6,0,0,0,0,0,0
1,0,3,1,23,20,3,2,3,2,1,1,1,1,0,0
3,4,3,0,41,27,14,4,14,10,4,1,4,1,3,1
3,3,0,4,6,4,2,2,2,1,1,0,1,1,0,0
1,2,3,0,24,4,20,7,20,16,4,3,4,4,0,0
0,0,4,1,12,9,3,0,3,2,1,1,1,0,1,0
4,2,2,2,26,12,14,6,14,0,14,10,14,13,1,1
2,0,4,0,33,8,25,14,25,14,11,5,11,8,3,0
3,1,3,1,29,28,1,0,1,1,0,0,0,0,0,0
4,1,4,0,63,37,26,6,26,9,17,3,17,15,2,1
0,4,0,2,31,13,18,16,18,1,17,16,17,8,9,4
1,3,2,4,31,8,23,23,23,21,2,2,2,0,2,0
4,4,0,1,21,16,5,4,5,5,0,0,0,0,0,0
1,4,1,4,66,3,63,0,63,13,50,9,50,50,0,0
1,1,1,0,5,4,1,1,1,1,0,0,0,0,0,0
3,0,3,3,52,45,7,0,7,5,2,1,2,1,1,1
3,2,1,3,45,39,6,6,6,0,6,2,6,4,2,1
0,4,4,3,40,8,32,32,32,6,26,1,26,24,2,2
3,1,3,1,18,14,4,1,4,0,4,0,4,0,4,2
2,0,1,2,21,0,21,3,21,13,8,2,8,7,1,0
4,4,0,2,36,18,18,11,18,9,9,9,9,1,8,8
2,4,0,2,71,7,64,12,64,49,15,3,15,7,8,0
2,0,4,2,26,12,14,9,14,0,14,5,14,11,3,2
4,3,4,1,43,21,22,11,22,22,0,0,0,0,0,0
3,1,2,2,22,10,12,12,12,2,10,2,10,0,10,9
4,2,1,0,19,10,9,1,9,4,5,1,5,2,3,0
1,3,0,3,34,21,13,11,13,8,5,5,5,5,0,0
3,3,0,0,23,1,22,0,22,4,18,3,18,17,1,0
3,1,4,3,4,1,3,1,3,2,1,0,1,0,1,0
2,1,0,0,1,0,1,1,1,1,0,0,0,0,0,0
2,3,1,2,13,1,12,0,12,2,10,4,10,9,1,0
4,1,0,1,39,31,8,4,8,5,3,0,3,1,2,0
0,3,2,0,36,9,27,11,27,5,22,8,22,19,3,2
3,3,3,2,29,4,25,23,25,2,23,2,23,4,19,2
3,0,3,4,9,8,1,1,1,1,0,0,0,0,0,0
3,2,0,1,45,0,45,21,45,43,2,1,2,2,0,0
0,0,1,1,41,10,31,7,31,9,22,21,22,2,20,13
0,2,3,2,27,18,9,3,9,4,5,2,5,2,3,1
1,2,4,0,29,7,22,16,22,11,11,11,11,6,5,5
3,1,0,3,19,1,18,2,18,17,1,0,1,0,1,0
0,2,2,3,11,7,4,2,4,2,2,2,2,2,0,0
2,3,3,1,45,0,45,21,45,23,22,16,22,2,20,2
0,1,2,2,25,1,24,8,24,1,23,9,23,8,15,10
1,2,0,4,107,82,25,5,25,21,4,3,4,0,4,2
4,0,1,0,37,32,5,3,5,1,4,3,4,3,1,1
2,1,1,4,7,2,5,1,5,1,4,1,4,2,2,0
2,3,2,3,7,2,5,1,5,0,5,1,5,0,5,4
3,4,4,0,31,5,26,4,26,10,16,6,16,13,3,1
4,2,1,2,20,15,5,3,5,1,4,0,4,1,3,1
1,0,2,1,12,3,9,1,9,3,6,2,6,1,5,0
4,4,0,2,20,16,4,3,4,1,3,2,3,0,3,2
2,2,2,4,6,6,0,0,0,0,0,0,0,0,0,0
3,2,1,1,5,5,0,0,0,0,0,0,0,0,0,0
3,1,1,4,42,35,7,4,7,2,5,2,5,3,2,2
0,0,2,0,27,6,21,7,21,4,17,7,17,7,10,0
4,1,2,0,24,14,10,10,10,8,2,2,2,2,0,0
3,2,1,0,55,35,20,10,20,19,1,1,1,0,1,1
2,3,0,0,17,10,7,1,7,5,2,0,2,1,1,0
1,0,2,1,26,3,23,9,23,4,19,17,19,1,18,9
1,4,3,4,47,30,17,7,17,3,14,6,14,3,11,2
0,2,0,4,38,6,32,13,32,18,14,7,14,4,10,1
0,4,4,4,47,11,36,26,36,19,17,4,17,4,13,7
3,0,0,1,28,8,20,13,20,10,10,10,10,6,4,3
0,2,3,3,39,27,12,3,12,2,10,2,10,10,0,0
2,4,1,1,55,9,46,36,46,30,16,10,16,2,14,5
0,0,0,1,31,16,15,4,15,3,12,6,12,4,8,6
0,4,2,3,10,0,10,9,10,4,6,4,6,3,3,3
3,1,2,2,26,8,18,10,18,2,16,11,16,7,9,8
3,2,3,3,48,39,9,6,9,9,0,0,0,0,0,0
3,2,3,0,35,17,18,7,18,5,13,8,13,4,9,0
3,3,4,0,15,13,2,0,2,1,1,0,1,0,1,0
3,1,3,3,20,7,13,3,13,5,8,2,8,7,1,1
1,4,1,2,36,12,24,8,24,12,12,12,12,10,2,2
1,4,1,2,44,40,4,4,4,4,0,0,0,0,0,0
0,2,2,2,46,29,17,3,17,8,9,3,9,1,8,6
4,0,1,2,29,8,21,4,21,3,18,18,18,8,10,9
1,0,4,0,13,0,13,3,13,4,9,7,9,6,3,1
4,1,3,2,38,33,5,4,5,0,5,1,5,0,5,0
0,0,0,1,13,10,3,1,3,2,1,0,1,1,0,0
2,1,0,0,15,4,11,2,11,5,6,4,6,0,6,4
4,0,0,3,35,5,30,29,30,1,29,8,29,14,15,7
3,1,3,4,14,1,13,0,13,6,7,3,7,5,2,1
3,1,2,0,13,6,7,0,7,7,0,0,0,0,0,0
1,3,1,0,40,19,21,14,21,21,0,0,0,0,0,0
1,1,3,3,51,10,41,33,41,1,40,7,40,24,16,9
4,3,4,3,6,0,6,3,6,1,5,1,5,2,3,2
4,0,0,1,54,42,12,12,12,8,4,4,4,3,1,1
1,2,2,4,24,18,6,2,6,3,3,1,3,2,1,1
2,4,1,3,3,3,0,0,0,0,0,0,0,0,0,0
0,4,3,0,47,37,10,6,10,6,4,3,4,0,4,2
3,3,2,0,7,6,1,0,1,0,1,1,1,0,1,1
1,3,2,4,1,0,1,0,1,0,1,1,1,0,1,1
4,2,1,3,45,3,42,22,42,3,39,33,39,33,6,6
0,4,3,3,64,19,45,8,45,5,40,7,40,35,5,2
4,0,2,1,28,4,24,3,24,7,17,5,17,14,3,3
3,2,2,1,42,41,1,1,1,0,1,1,1,0,1,0
3,2,1,4,53,8,45,26,45,35,10,10,10,10,0,0
2,3,1,1,73,0,73,64,73,53,20,12,20,4,16,11
3,1,0,2,54,15,39,9,39,36,3,2,3,3,0,0
0,3,4,4,36,15,21,12,21,14,7,5,7,4,3,3
3,3,0,2,50,6,44,24,44,22,22,12,22,10,12,3
4,3,4,2,36,0,36,11,36,22,14,9,14,0,14,2
0,3,1,3,36,2,34,23,34,6,28,19,28,5,23,1
1,3,4,0,47,27,20,1,20,15,5,2,5,5,0,0
4,3,3,3,39,1,38,9,38,13,25,12,25,9,16,10
2,0,2,1,41,39,2,0,2,1,1,0,1,0,1,1
4,2,4,1,26,25,1,0,1,0,1,1,1,0,1,1
2,0,1,1,26,8,18,9,18,3,15,1,15,1,14,14
0,3,0,4,25,18,7,7,7,1,6,1,6,1,5,2
0,1,4,2,36,7,29,20,29,25,4,0,4,0,4,2
0,4,3,1,11,7,4,1,4,0,4,3,4,1,3,2
0,4,3,1,81,26,55,28,55,13,42,20,42,35,7,2
0,1,4,2,12,4,8,2,8,4,4,3,4,1,3,2
0,4,0,2,52,31,21,11,21,18,3,2,3,1,2,0
3,1,4,3,22,20,2,1,2,0,2,1,2,0,2,1
2,2,0,0,7,1,6,6,6,6,0,0,0,0,0,0
0,1,0,3,25,14,11,8,11,2,9,2,9,4,5,0
1,2,3,3,57,2,55,11,55,49,6,1,6,2,4,3
3,1,2,4,41,34,7,7,7,5,2,1,2,2,0,0
0,2,2,2,29,5,24,7,24,16,8,8,8,5,3,2
4,4,4,4,72,22,50,2,50,24,26,10,26,13,13,1
4,1,1,4,12,1,11,8,11,2,9,1,9,4,5,1
1,4,4,1,49,28,21,10,21,15,6,1,6,2,4,0
0,1,4,2,31,6,25,14,25,7,18,9,18,9,9,3
0,2,4,3,27,15,12,3,12,5,7,4,7,1,6,0
1,1,1,0,2,2,0,0,0,0,0,0,0,0,0,0
2,1,1,4,62,35,27,0,27,16,11,10,11,11,0,0
3,0,0,1,52,6,46,40,46,29,17,11,17,15,2,0
2,4,3,4,52,43,9,2,9,6,3,3,3,1,2,2
3,1,3,2,19,11,8,3,8,4,4,0,4,2,2,0
0,3,2,3,35,10,25,12,25,1,24,15,24,0,24,10
2,0,2,2,43,15,28,17,28,22,6,3,6,3,3,0
2,0,1,4,26,25,1,0,1,0,1,0,1,1,0,0
0,3,0,2,25,10,15,7,15,0,15,11,15,1,14,0
2,4,2,1,31,6,25,17,25,2,23,2,23,8,15,5
4,4,1,3,18,2,16,4,16,7,9,3,9,6,3,1
4,3,2,2,47,11,36,13,36,21,15,12,15,1,14,14
4,4,4,0,22,7,15,14,15,4,11,8,11,10,1,0
0,3,4,1,43,28,15,7,15,6,9,3,9,5,4,2
1,3,2,3,50,33,17,11,17,6,11,6,11,9,2,0
3,2,4,1,14,2,12,9,12,5,7,0,7,6,1,0
1,1,1,1,42,14,28,13,28,8,20,1,20,1,19,17
1,1,0,1,30,6,24,2,24,11,13,4,13,4,9,1
0,2,3,3,29,23,6,6,6,3,3,1,3,2,1,0
0,1,3,3,63,22,41,3,41,19,22,3,22,13,9,4
1,3,1,3,14,0,14,2,14,2,12,3,12,10,2,2
1,0,0,4,48,44,4,0,4,2,2,0,2,2,0,0
0,0,4,0,25,17,8,0,8,4,4,1,4,0,4,2
1,3,1,0,26,11,15,2,15,15,0,0,0,0,0,0
0,3,4,1,42,13,29,16,29,28,1,0,1,1,0,0
2,0,1,1,38,18,20,4,20,7,13,10,13,4,9,6
2,0,2,1,30,18,12,6,12,4,8,0,8,4,4,3
2,3,1,3,37,2,35,28,35,23,12,5,12,3,9,5
3,1,4,4,70,21,49,26,49,26,23,8,23,15,8,6
0,1,2,2,20,14,6,2,6,5,1,1,1,1,0,0
1,4,2,0,21,16,5,2,5,5,0,0,0,0,0,0
2,1,4,2,31,27,4,4,4,3,1,0,1,1,0,0
0,2,1,3,18,6,12,9,12,5,7,2,7,1,6,0
3,1,0,2,28,0,28,1,28,6,22,18,22,22,0,0
2,1,1,2,67,11,56,12,56,49,7,2,7,2,5,1
3,1,4,3,34,16,18,13,18,13,5,5,5,2,3,0
2,1,4,3,51,23,28,18,28,22,6,2,6,5,1,1
1,3,2,0,47,4,43,32,43,18,25,11,25,3,22,10
1,0,2,3,57,29,28,8,28,17,11,6,11,7,4,4
2,1,2,2,74,12,62,61,62,34,28,23,28,14,14,2
4,0,4,3,14,3,11,2,11,7,4,0,4,1,3,2
3,4,4,3,11,6,5,4,5,2,3,1,3,0,3,3
3,2,4,2,10,4,6,6,6,1,5,2,5,0,5,5
1,2,1,3,66,63,3,2,3,1,2,1,2,1,1,0
2,3,2,1,22,3,19,2,19,3,16,9,16,13,3,2
4,1,3,3,23,17,6,0,6,0,6,0,6,1,5,3
0,2,3,0,42,37,5,3,5,4,1,0,1,0,1,0
2,4,4,4,44,15,29,18,29,28,1,1,1,1,0,0
4,2,1,1,23,10,13,11,13,4,9,1,9,9,0,0
0,3,0,2,61,37,24,15,24,6,18,13,18,15,3,3
2,2,3,1,5,3,2,1,2,1,1,1,1,0,1,1
3,3,2,1,66,55,11,5,11,4,7,0,7,4,3,1
3,0,0,3,5,1,4,3,4,2,2,0,2,2,0,0
3,2,2,4,20,3,17,16,17,12,5,1,5,0,5,5
1,1,0,2,85,23,62,57,62,7,55,15,55,17,38,37
3,4,4,3,49,33,16,11,16,5,11,4,11,5,6,6
3,2,3,0,25,18,7,7,7,7,0,0,0,0,0,0
2,0,2,4,6,5,1,1,1,1,0,0,0,0,0,0
2,4,4,0,12,12,0,0,0,0,0,0,0,0,0,0
0,1,1,4,74,29,45,27,45,0,45,40,45,18,27,15
0,3,1,1,9,3,6,2,6,4,2,1,2,2,0,0
0,3,3,1,55,1,54,30,54,17,37,13,37,32,5,1
2,4,3,4,49,2,47,29,47,2,45,5,45,14,31,16
4,0,3,4,9,5,4,2,4,0,4,0,4,2,2,0
4,1,0,2,5,1,4,2,4,2,2,2,2,0,2,1
0,2,1,4,47,16,31,26,31,23,8,4,8,1,7,7
1,3,0,0,31,4,27,19,27,5,22,20,22,3,19,18
2,0,1,0,52,7,45,26,45,11,34,28,34,18,16,6
4,0,0,4,25,23,2,1,2,2,0,0,0,0,0,0
0,0,4,4,38,26,12,10,12,6,6,3,6,0,6,1
2,2,1,2,13,2,11,6,11,4,7,6,7,3,4,4
3,1,0,1,29,27,2,0,2,0,2,2,2,0,2,1
4,2,3,4,41,1,40,31,40,8,32,13,32,3,29,14
1,3,3,4,22,6,16,10,16,8,8,0,8,4,4,3
3,4,3,0,52,39,13,12,13,9,4,2,4,0,4,0
2,2,0,3,29,2,27,21,27,20,7,4,7,2,5,4
1,0,4,0,17,14,3,1,3,3,0,0,0,0,0,0
3,4,2,2,5,3,2,1,2,1,1,0,1,1,0,0
2,1,0,1,30,20,10,0,10,2,8,8,8,0,8,2
0,4,3,2,23,9,14,8,14,5,9,9,9,8,1,0
4,3,3,1,29,22,7,1,7,6,1,0,1,1,0,0
3,2,2,3,12,0,12,3,12,10,2,0,2,0,2,2
3,1,2,3,18,7,11,11,11,11,0,0,0,0,0,0
4,2,0,1,39,1,38,10,38,7,31,13,31,5,26,25
4,3,0,4,26,16,10,1,10,10,0,0,0,0,0,0
1,4,2,1,40,11,29,28,29,23,6,5,6,0,6,2
3,3,1,0,44,28,16,3,16,1,15,4,15,0,15,6
4,3,4,2,56,39,17,3,17,14,3,2,3,3,0,0
3,0,2,2,20,18,2,2,2,0,2,1,2,0,2,1
4,0,2,1,17,1,16,16,16,5,11,8,11,3,8,2
1,2,0,4,10,4,6,4,6,6,0,0,0,0,0,0
3,4,2,1,49,48,1,1,1,0,1,1,1,1,0,0
4,2,2,4,38,15,23,11,23,3,20,20,20,4,16,12
4,4,3,0,90,16,74,59,74,62,12,1,12,3,9,3
3,3,2,0,6,5,1,1,1,0,1,1,1,1,0,0
0,1,4,3,3,2,1,0,1,0,1,0,1,0,1,0
0,1,0,1,42,3,39,24,39,12,27,1,27,3,24,22
0,4,3,3,3,0,3,2,3,2,1,1,1,0,1,1
0,1,4,2,47,25,22,13,22,11,11,10,11,9,2,1
0,0,2,2,22,10,12,10,12,8,4,4,4,4,0,0
2,1,3,1,18,11,7,1,7,3,4,2,4,0,4,4
1,0,1,1,30,22,8,6,8,8,0,0,0,0,0,0
0,3,0,2,36,27,9,7,9,2,7,6,7,2,5,1
3,2,4,3,22,21,1,0,1,1,0,0,0,0,0,0
1,1,1,3,44,43,1,0,1,0,1,0,1,1,0,0
1,1,2,2,43,36,7,4,7,4,3,2,3,1,2,2
2,4,3,1,44,37,7,7,7,6,1,1,1,0,1,0
1,3,2,4,36,5,31,16,31,19,12,10,12,7,5,3
3,3,2,4,62,40,22,21,22,4,18,15,18,18,0,0
4,3,3,3,24,10,14,8,14,4,10,2,10,8,2,1
2,2,1,1,31,4,27,23,27,18,9,9,9,1,8,5
3,1,1,3,34,29,5,1,5,4,1,1,1,0,1,0
4,2,3,2,65,19,46,35,46,31,15,13,15,10,5,4
4,4,4,4,7,3,4,4,4,1,3,3,3,2,1,0
3,0,1,3,7,5,2,0,2,1,1,0,1,1,0,0
3,4,4,1,31,14,17,14,17,17,0,0,0,0,0,0
1,4,4,0,58,3,55,14,55,32,23,9,23,16,7,0
0,3,1,3,48,1,47,12,47,25,22,1,22,21,1,1
4,3,0,0,41,8,33,12,33,9,24,16,24,9,15,14
1,1,3,1,34,11,23,0,23,8,15,8,15,12,3,2
2,2,1,2,27,14,13,6,13,3,10,6,10,10,0,0
0,1,0,2,41,18,23,5,23,20,3,0,3,0,3,0
3,2,2,1,57,7,50,22,50,30,20,7,20,16,4,4
1,4,2,2,34,15,19,19,19,12,7,6,7,4,3,2
1,3,4,3,68,24,44,14,44,8,36,19,36,16,20,12
4,2,1,3,19,6,13,6,13,0,13,2,13,7,6,5
4,0,0,4,33,22,11,8,11,5,6,2,6,1,5,5
2,0,0,3,54,19,35,15,35,4,31,11,31,27,4,3
4,3,4,4,40,3,37,21,37,14,23,14,23,11,12,2
3,0,4,2,23,1,22,18,22,19,3,3,3,2,1,0
1,1,0,2,51,3,48,8,48,20,28,16,28,23,5,5
1,2,3,3,27,25,2,1,2,1,1,0,1,0,1,1
4,2,1,4,65,43,22,1,22,3,19,16,19,8,11,8
1,1,4,1,44,17,27,15,27,20,7,2,7,4,3,2
0,1,4,0,48,13,35,29,35,0,35,3,35,34,1,1
3,2,2,0,34,16,18,13,18,3,15,6,15,2,13,10
2,4,3,0,71,14,57,39,57,47,10,0,10,2,8,0
4,0,2,3,46,25,21,3,21,3,18,2,18,11,7,0
3,1,1,3,26,10,16,0,16,16,0,0,0,0,0,0
3,2,4,1,29,12,17,1,17,0,17,6,17,11,6,6
0,3,3,3,27,2,25,9,25,20,5,5,5,2,3,0
0,1,3,4,10,3,7,4,7,0,7,3,7,2,5,3
4,2,3,0,36,31,5,5,5,0,5,1,5,2,3,1
0,3,3,2,24,9,15,13,15,11,4,2,4,4,0,0
4,3,2,0,47,0,47,20,47,31,16,8,16,16,0,0
2,3,1,3,31,0,31,24,31,21,10,5,10,10,0,0
2,3,4,2,34,16,18,0,18,12,6,3,6,0,6,1
3,4,0,3,17,16,1,0,1,1,0,0,0,0,0,0
4,3,4,1,57,1,56,40,56,3,53,27,53,16,37,17
2,1,2,3,40,24,16,0,16,0,16,8,16,5,11,11
2,2,1,0,5,4,1,0,1,1,0,0,0,0,0,0
0,0,1,2,55,23,32,13,32,29,3,1,3,2,1,1
2,3,3,4,36,27,9,2,9,9,0,0,0,0,0,0
4,2,2,0,77,70,7,0,7,3,4,0,4,1,3,0
3,0,0,1,30,27,3,0,3,0,3,2,3,1,2,0
1,4,2,1,41,28,13,1,13,4,9,5,9,3,6,3
1,3,1,2,22,15,7,3,7,1,6,3,6,0,6,6
0,4,1,3,17,0,17,13,17,5,12,2,12,7,5,4
0,4,1,4,3,0,3,1,3,3,0,0,0,0,0,0
1,0,2,1,35,8,27,15,27,10,17,16,17,8,9,0
0,1,4,0,5,1,4,1,4,0,4,3,4,2,2,2
0,0,1,0,46,19,27,14,27,12,15,4,15,5,10,2
1,1,0,2,48,39,9,7,9,8,1,0,1,0,1,1
4,0,1,3,49,9,40,15,40,7,33,12,33,8,25,21
0,2,0,0,59,56,3,0,3,1,2,1,2,1,1,0
3,2,0,2,27,5,22,16,22,0,22,7,22,8,14,6
0,3,3,0,28,28,0,0,0,0,0,0,0,0,0,0
0,2,2,3,47,41,6,0,6,2,4,4,4,0,4,0
0,3,3,4,13,9,4,0,4,4,0,0,0,0,0,0
0,2,3,1,5,1,4,1,4,3,1,1,1,1,0,0
4,3,0,4,22,7,15,9,15,13,2,0,2,1,1,0
1,3,3,4,24,19,5,3,5,1,4,0,4,4,0,0
3,0,4,3,51,19,32,5,32,5,27,12,27,23,4,0
3,2,2,4,22,10,12,11,12,0,12,9,12,3,9,5
0,1,1,4,52,26,26,3,26,19,7,5,7,1,6,3
0,4,4,4,4,0,4,2,4,0,4,4,4,1,3,0
3,1,4,2,68,18,50,50,50,31,19,6,19,4,15,6
3,2,3,2,51,13,38,3,38,32,6,1,6,2,4,2
0,2,2,0,28,17,11,0,11,2,9,7,9,9,0,0
1,4,1,2,47,20,27,26,27,19,8,6,8,4,4,3
0,3,1,2,60,3,57,19,57,6,51,44,51,47,4,1
0,1,4,2,65,22,43,27,43,4,39,27,39,5,34,27
4,2,0,3,11,10,1,0,1,0,1,0,1,1,0,0
1,1,4,2,14,4,10,5,10,5,5,3,5,0,5,2
4,4,4,3,20,5,15,11,15,13,2,1,2,0,2,0
1,3,3,3,20,12,8,6,8,3,5,2,5,5,0,0
3,4,4,2,40,28,12,4,12,0,12,4,12,5,7,7
1,4,2,2,21,10,11,8,11,9,2,2,2,0,2,0
0,3,2,2,56,17,39,39,39,14,25,19,25,23,2,1
4,3,4,2,27,12,15,13,15,0,15,10,15,1,14,10
2,2,2,2,14,1,13,7,13,0,13,11,13,1,12,7
2,1,2,0,12,9,3,0,3,3,0,0,0,0,0,0
4,4,4,1,13,9,4,1,4,3,1,0,1,1,0,0
2,2,0,0,23,12,11,5,11,0,11,6,11,10,1,1
4,0,3,0,32,7,25,22,25,14,11,6,11,8,3,0
2,4,0,0,7,4,3,2,3,1,2,1,2,2,0,0
4,1,1,4,4,0,4,0,4,2,2,0,2,2,0,0
4,3,1,3,3,1,2,0,2,2,0,0,0,0,0,0
1,1,0,3,16,8,8,4,8,1,7,1,7,6,1,0
0,2,2,0,60,8,52,35,52,39,13,0,13,11,2,0
3,4,1,1,55,41,14,14,14,7,7,3,7,2,5,0
1,0,0,3,14,14,0,0,0,0,0,0,0,0,0,0
2,1,3,4,20,16,4,1,4,3,1,1,1,1,0,0
0,4,3,3,32,23,9,5,9,4,5,4,5,0,5,0
1,3,3,4,32,4,28,26,28,2,26,7,26,25,1,0
0,1,2,2,55,22,33,26,33,33,0,0,0,0,0,0
0,3,1,2,58,18,40,23,40,5,35,18,35,7,28,21
1,3,2,1,52,30,22,20,22,6,16,16,16,6,10,0
2,2,3,3,0,0,0,0,0,0,0,0,0,0,0,0
2,4,4,4,23,8,15,4,15,6,9,8,9,7,2,0
2,2,3,1,42,2,40,16,40,22,18,2,18,11,7,5
4,1,2,0,25,19,6,1,6,4,2,0,2,1,1,1
3,3,4,1,58,54,4,3,4,4,0,0,0,0,0,0
1,1,3,2,21,1,20,14,20,6,14,0,14,8,6,1
3,1,1,3,43,43,0,0,0,0,0,0,0,0,0,0
4,2,3,0,60,31,29,21,29,5,24,19,24,18,6,6
1,2,4,0,57,38,19,5,19,5,14,0,14,14,0,0
1,3,3,4,32,22,10,9,10,6,4,2,4,1,3,0
3,0,3,2,33,17,16,12,16,15,1,1,1,0,1,0
2,4,2,2,43,15,28,1,28,7,21,14,21,12,9,1
1,1,0,4,54,16,38,13,38,35,3,1,3,3,0,0
1,3,3,4,43,17,26,11,26,10,16,3,16,0,16,14
1,4,0,0,45,42,3,3,3,1,2,2,2,2,0,0
1,1,2,4,6,5,1,0,1,0,1,1,1,0,1,0
2,4,0,0,13,10,3,0,3,1,2,1,2,1,1,1
1,1,4,3,31,10,21,4,21,1,20,17,20,6,14,6
0,2,2,1,10,2,8,3,8,8,0,0,0,0,0,0
2,0,2,2,32,6,26,26,26,19,7,0,7,2,5,3
3,4,3,1,55,53,2,2,2,2,0,0,0,0,0,0
2,2,4,0,54,31,23,15,23,2,21,12,21,21,0,0
4,1,3,1,20,12,8,3,8,0,8,3,8,2,6,5
0,3,4,2,19,1,18,5,18,1,17,1,17,2,15,10
4,3,2,1,32,24,8,2,8,5,3,2,3,3,0,0
4,0,1,1,0,0,0,0,0,0,0,0,0,0,0,0
2,4,3,3,32,25,7,2,7,5,2,2,2,2,0,0
4,2,0,1,6,5,1,0,1,0,1,0,1,1,0,0
4,4,1,2,43,41,2,1,2,2,0,0,0,0,0,0
0,3,1,4,56,25,31,26,31,31,0,0,0,0,0,0
3,3,1,4,8,5,3,2,3,1,2,2,2,0,2,0
4,4,1,1,26,16,10,3,10,5,5,1,5,1,4,3
0,4,3,3,35,32,3,1,3,2,1,0,1,0,1,1
1,4,4,1,5,3,2,1,2,0,2,0,2,0,2,0
0,2,2,4,5,1,4,4,4,4,0,0,0,0,0,0
4,0,4,2,13,8,5,2,5,3,2,2,2,0,2,1
3,2,4,4,19,19,0,0,0,0,0,0,0,0,0,0
4,4,2,0,17,4,13,9,13,0,13,2,13,4,9,2
3,1,0,0,33,31,2,2,2,1,1,1,1,1,0,0
2,4,0,0,28,27,1,1,1,1,0,0,0,0,0,0
4,3,0,1,73,39,34,12,34,5,29,2,29,21,8,1
2,4,1,1,33,26,7,3,7,3,4,4,4,1,3,1
3,3,0,3,26,25,1,1,1,0,1,0,1,1,0,0
3,1,2,0,33,33,0,0,0,0,0,0,0,0,0,0
1,0,4,4,50,49,1,1,1,1,0,0,0,0,0,0
3,3,0,4,59,44,15,8,15,5,10,8,10,5,5,4
0,0,4,3,22,9,13,10,13,4,9,3,9,7,2,1
1,4,0,3,46,24,22,9,22,6,16,5,16,6,10,2
2,2,4,4,18,6,12,5,12,1,11,0,11,5,6,3
0,0,1,0,24,7,17,13,17,11,6,2,6,0,6,4
1,0,3,2,14,1,13,0,13,1,12,5,12,12,0,0
2,2,3,2,37,24,13,10,13,2,11,5,11,10,1,1
1,1,4,4,55,20,35,21,35,4,31,17,31,22,9,7
1,1,3,4,71,66,5,4,5,4,1,0,1,1,0,0
2,4,1,3,42,41,1,0,1,1,0,0,0,0,0,0
3,1,3,3,20,7,13,6,13,12,1,0,1,1,0,0
3,2,3,2,53,2,51,13,51,18,33,23,33,30,3,3
4,0,3,2,30,2,28,6,28,17,11,7,11,8,3,0
2,2,2,4,13,7,6,2,6,5,1,1,1,0,1,0
0,3,4,4,25,12,13,2,13,12,1,0,1,0,1,0
2,3,4,0,21,0,21,17,21,17,4,4,4,0,4,0
0,3,1,4,64,23,41,19,41,16,25,1,25,14,11,11
0,4,1,2,31,8,23,18,23,8,15,15,15,1,14,11
4,4,2,0,37,5,32,0,32,7,25,20,25,15,10,8
0,0,1,2,39,31,8,0,8,4,4,4,4,4,0,0
4,0,1,1,20,0,20,20,20,14,6,0,6,5,1,0
2,2,0,0,20,2,18,0,18,9,9,2,9,8,1,0
1,4,0,0,22,4,18,10,18,3,15,14,15,5,10,0
2,4,3,0,17,8,9,9,9,1,8,6,8,3,5,2
0,0,2,0,26,12,14,10,14,14,0,0,0,0,0,0
3,2,1,3,39,33,6,3,6,4,2,2,2,0,2,2
4,4,1,3,32,29,3,2,3,0,3,2,3,0,3,3
1,1,1,0,90,83,7,3,7,5,2,1,2,2,0,0
1,3,0,0,18,4,14,14,14,2,12,8,12,1,11,5
3,0,1,1,68,65,3,1,3,3,0,0,0,0,0,0
1,1,3,4,28,22,6,4,6,5,1,1,1,0,1,1
2,2,4,1,31,29,2,0,2,0,2,2,2,0,2,0
0,1,2,1,29,5,24,24,24,3,21,1,21,11,10,8
4,2,3,4,20,20,0,0,0,0,0,0,0,0,0,0
1,0,4,1,56,43,13,6,13,11,2,1,2,1,1,1
0,4,4,4,49,6,43,10,43,36,7,4,7,2,5,1
3,1,3,0,30,26,4,4,4,1,3,2,3,3,0,0
4,2,4,2,24,0,24,3,24,11,13,12,13,2,11,0
0,4,3,3,32,21,11,1,11,9,2,2,2,1,1,0
1,2,0,0,6,1,5,4,5,5,0,0,0,0,0,0
4,1,1,1,26,10,16,16,16,12,4,2,4,1,3,3
2,3,2,3,35,8,27,16,27,4,23,4,23,12,11,0
4,1,2,2,29,14,15,2,15,0,15,4,15,15,0,0
0,4,2,4,17,2,15,0,15,5,10,4,10,7,3,0
2,0,1,1,85,54,31,4,31,9,22,10,22,0,22,4
0,0,2,3,9,8,1,0,1,0,1,1,1,0,1,0
0,1,1,4,24,5,19,9,19,12,7,2,7,2,5,5
1,0,2,4,60,53,7,6,7,6,1,1,1,0,1,0
3,2,1,0,13,10,3,1,3,0,3,1,3,0,3,2
1,0,4,3,41,17,24,9,24,0,24,21,24,20,4,4
1,3,0,1,54,54,0,0,0,0,0,0,0,0,0,0
3,0,1,1,33,13,20,11,20,0,20,3,20,16,4,0
2,4,3,3,51,30,21,3,21,13,8,4,8,7,1,0
1,3,2,4,51,0,51,1,51,6,45,10,45,2,43,9
3,3,4,3,74,19,55,41,55,26,29,16,29,5,24,5
4,2,0,1,32,31,1,1,1,1,0,0,0,0,0,0
1,4,2,3,25,19,6,3,6,5,1,0,1,0,1,0
1,0,1,2,9,8,1,0,1,1,0,0,0,0,0,0
1,0,2,2,23,6,17,7,17,17,0,0,0,0,0,0
1,1,2,0,18,13,5,2,5,2,3,3,3,2,1,1
3,1,2,4,29,22,7,1,7,6,1,0,1,0,1,1
4,4,0,2,22,5,17,16,17,11,6,3,6,5,1,0
4,4,4,3,54,34,20,1,20,6,14,6,14,10,4,1
1,2,3,2,17,1,16,11,16,15,1,1,1,1,0,0
2,3,0,0,24,21,3,1,3,3,0,0,0,0,0,0
0,1,4,3,30,18,12,4,12,7,5,4,5,0,5,3
2,1,0,1,25,11,14,5,14,14,0,0,0,0,0,0
3,2,4,1,8,6,2,2,2,2,0,0,0,0,0,0
0,3,3,4,29,9,20,16,20,17,3,2,3,2,1,0
3,4,0,3,54,42,12,1,12,4,8,5,8,7,1,0
1,1,4,4,34,23,11,8,11,8,3,0,3,0,3,1
4,0,0,4,22,9,13,9,13,3,10,10,10,3,7,6
4,1,0,0,13,3,10,6,10,0,10,6,10,3,7,4
0,0,2,3,46,28,18,13,18,14,4,2,4,0,4,0
0,3,0,2,22,2,20,12,20,12,8,5,8,3,5,4
4,1,1,2,52,40,12,11,12,0,12,9,12,9,3,1
0,3,0,0,21,3,18,12,18,4,14,11,14,2,12,10
4,3,0,4,24,14,10,3,10,9,1,0,1,0,1,0
3,2,4,2,47,28,19,3,19,2,17,9,17,17,0,0
3,3,0,3,48,3,45,16,45,16,29,16,29,15,14,5
3,1,4,0,39,22,17,9,17,0,17,0,17,6,11,6
3,0,4,2,4,4,0,0,0,0,0,0,0,0,0,0
3,4,0,2,7,7,0,0,0,0,0,0,0,0,0,0
4,4,1,0,13,13,0,0,0,0,0,0,0,0,0,0
0,4,3,0,4,0,4,2,4,2,2,1,2,1,1,0
1,0,2,4,1,0,1,0,1,0,1,1,1,1,0,0
4,3,3,4,11,11,0,0,0,0,0,0,0,0,0,0
0,3,2,1,51,15,36,35,36,22,14,7,14,11,3,3
3,3,0,0,26,24,2,2,2,1,1,1,1,1,0,0
3,1,2,2,20,4,16,0,16,11,5,0,5,1,4,2
2,3,1,2,21,7,14,7,14,7,7,2,7,3,4,3
4,4,1,1,46,22,24,4,24,4,20,12,20,8,12,11
3,0,0,3,64,51,13,6,13,6,7,2,7,6,1,0
3,2,2,3,47,11,36,21,36,2,34,5,34,26,8,1
1,3,3,2,21,20,1,1,1,0,1,1,1,1,0,0
1,3,2,3,10,1,9,6,9,9,0,0,0,0,0,0
3,4,3,0,20,14,6,1,6,3,3,3,3,2,1,0
2,2,4,3,23,11,12,0,12,2,10,2,10,0,10,1
3,4,0,1,80,66,14,2,14,2,12,7,12,12,0,0
0,0,1,2,39,29,10,6,10,4,6,0,6,2,4,3
3,3,1,2,38,29,9,6,9,9,0,0,0,0,0,0
3,2,0,3,17,7,10,9,10,7,3,0,3,0,3,3
0,2,4,0,3,2,1,1,1,0,1,1,1,0,1,0
2,2,0,0,28,9,19,0,19,12,7,5,7,5,2,0
1,2,4,1,13,12,1,0,1,0,1,1,1,0,1,1
0,0,2,4,50,46,4,2,4,3,1,0,1,0,1,0
1,2,0,0,15,9,6,0,6,6,0,0,0,0,0,0
0,4,0,3,35,1,34,27,34,8,26,3,26,14,12,11
4,2,1,4,15,13,2,1,2,2,0,0,0,0,0,0
0,2,1,4,19,19,0,0,0,0,0,0,0,0,0,0
2,4,0,4,64,60,4,4,4,1,3,0,3,0,3,1
0,1,2,1,49,1,48,17,48,28,20,14,20,12,8,1
0,2,1,2,31,16,15,14,15,5,10,7,10,8,2,2
1,0,4,1,45,23,22,20,22,11,11,6,11,7,4,2
1,1,4,3,15,0,15,12,15,11,4,2,4,4,0,0
0,2,0,1,4,0,4,3,4,3,1,1,1,1,0,0
4,3,4,0,26,21,5,0,5,1,4,0,4,3,1,1
3,0,1,0,30,28,2,0,2,0,2,0,2,1,1,1
4,4,2,2,10,4,6,3,6,0,6,6,6,2,4,4
4,0,2,1,40,28,12,5,12,6,6,6,6,6,0,0
3,3,2,4,21,12,9,0,9,0,9,5,9,6,3,1
3,0,3,2,13,4,9,3,9,1,8,7,8,8,0,0
3,4,2,1,2,1,1,1,1,1,0,0,0,0,0,0
2,3,1,3,9,4,5,2,5,3,2,0,2,1,1,0
4,4,1,0,27,14,13,11,13,9,4,1,4,2,2,1
2,2,1,0,15,8,7,6,7,0,7,4,7,7,0,0
1,0,0,1,41,29,12,1,12,6,6,4,6,3,3,0
4,0,3,1,13,10,3,1,3,1,2,2,2,2,0,0
2,1,3,3,29,0,29,1,29,14,15,1,15,6,9,2
3,3,2,2,35,13,22,12,22,6,16,10,16,12,4,4
1,1,0,0,24,5,19,15,19,11,8,4,8,6,2,0
2,1,1,1,62,9,53,33,53,26,27,18,27,27,0,0
2,4,4,4,22,1,21,5,21,3,18,9,18,3,15,6
0,4,3,3,22,10,12,7,12,7,5,5,5,1,4,4
0,0,3,3,22,3,19,14,19,16,3,3,3,0,3,2
1,4,0,1,37,9,28,19,28,14,14,8,14,1,13,5
3,3,2,3,22,21,1,1,1,0,1,1,1,0,1,0
0,1,1,2,42,9,33,33,33,31,2,2,2,1,1,0
4,2,1,3,19,7,12,1,12,0,12,3,12,3,9,9
3,3,4,1,21,4,17,3,17,0,17,9,17,7,10,1
2,3,2,4,36,36,0,0,0,0,0,0,0,0,0,0
3,4,2,4,7,4,3,2,3,0,3,1,3,1,2,2
1,3,2,2,11,4,7,3,7,3,4,0,4,3,1,0
2,3,3,0,39,8,31,23,31,22,9,6,9,1,8,0
2,2,3,4,95,9,86,62,86,11,75,5,75,14,61,20
4,1,2,1,52,12,40,7,40,26,14,5,14,13,1,0
4,2,1,2,19,18,1,1,1,0,1,1,1,0,1,0
3,3,4,4,32,27,5,1,5,4,1,0,1,0,1,1
3,1,4,2,15,5,10,7,10,7,3,3,3,1,2,0
4,0,4,3,8,3,5,1,5,1,4,2,4,0,4,0
3,2,2,3,27,18,9,5,9,5,4,3,4,3,1,0
1,0,3,3,31,19,12,4,12,10,2,1,2,1,1,0
0,2,0,3,57,39,18,5,18,13,5,3,5,0,5,1
3,3,0,3,34,20,14,1,14,6,8,6,8,8,0,0
2,0,0,1,41,11,30,17,30,15,15,11,15,8,7,3
3,2,1,3,60,55,5,1,5,2,3,0,3,1,2,1
2,3,3,1,2,1,1,0,1,1,0,0,0,0,0,0
1,0,2,1,37,31,6,6,6,1,5,0,5,3,2,0
3,3,1,3,18,0,18,15,18,10,8,2,8,1,7,1
3,3,1,3,13,1,12,5,12,9,3,0,3,1,2,0
0,2,2,2,13,2,11,3,11,7,4,2,4,4,0,0
1,0,2,3,34,1,33,24,33,1,32,27,32,26,6,6
2,2,3,2,22,22,0,0,0,0,0,0,0,0,0,0
2,1,4,1,43,31,12,2,12,9,3,3,3,0,3,0
2,1,0,3,10,0,10,2,10,4,6,6,6,4,2,1
1,4,0,0,14,3,11,11,11,4,7,6,7,2,5,1
2,1,1,0,42,22,20,4,20,11,9,9,9,1,8,2
1,0,3,4,12,4,8,1,8,4,4,2,4,0,4,1
3,0,3,2,39,3,36,11,36,33,3,0,3,3,0,0
3,4,1,3,18,2,16,15,16,11,5,4,5,0,5,5
0,2,1,3,42,24,18,18,18,7,11,4,11,8,3,1
3,1,2,4,41,7,34,12,34,33,1,1,1,1,0,0
3,3,3,4,20,14,6,5,6,2,4,1,4,4,0,0
2,1,0,3,34,15,19,18,19,2,17,11,17,0,17,1
4,3,4,4,25,15,10,2,10,2,8,1,8,7,1,0
2,2,2,4,5,4,1,1,1,1,0,0,0,0,0,0
3,0,4,0,42,11,31,0,31,12,19,17,19,18,1,0
2,2,3,1,68,18,50,23,50,45,5,2,5,2,3,0
2,1,0,1,70,18,52,11,52,47,5,2,5,1,4,3
1,2,3,4,20,16,4,0,4,3,1,0,1,1,0,0
1,4,2,1,53,45,8,4,8,6,2,0,2,2,0,0
3,2,0,4,22,9,13,4,13,13,0,0,0,0,0,0
3,2,0,1,77,48,29,1,29,27,2,2,2,1,1,0
4,1,2,3,0,0,0,0,0,0,0,0,0,0,0,0
2,2,0,0,22,1,21,16,21,7,14,5,14,1,13,5
0,1,1,0,25,3,22,0,22,12,10,6,10,4,6,6
0,1,2,1,42,1,41,25,41,13,28,18,28,6,22,11
2,1,4,4,56,18,38,35,38,28,10,3,10,5,5,3
3,4,2,1,40,29,11,10,11,0,11,1,11,10,1,1
4,2,0,3,36,16,20,14,20,5,15,12,15,2,13,6
0,0,3,4,41,25,16,6,16,8,8,0,8,8,0,0
3,3,4,1,30,0,30,16,30,9,21,6,21,15,6,4
4,2,4,0,12,2,10,7,10,6,4,3,4,3,1,0
4,1,1,3,33,33,0,0,0,0,0,0,0,0,0,0
4,3,0,0,10,0,10,4,10,10,0,0,0,0,0,0
0,3,2,0,45,26,19,3,19,0,19,1,19,8,11,4
4,0,3,3,29,10,19,7,19,17,2,2,2,0,2,1
0,4,2,1,5,0,5,5,5,3,2,0,2,2,0,0
4,4,2,3,40,28,12,12,12,3,9,5,9,1,8,4
0,2,2,4,50,26,24,7,24,11,13,7,13,1,12,7
1,1,0,1,51,42,9,6,9,8,1,0,1,1,0,0
4,1,1,2,50,43,7,1,7,5,2,2,2,1,1,0
3,3,1,1,25,14,11,2,11,9,2,0,2,1,1,0
2,0,0,1,14,13,1,0,1,1,0,0,0,0,0,0
3,1,3,2,0,0,0,0,0,0,0,0,0,0,0,0
4,0,0,2,44,38,6,4,6,0,6,0,6,5,1,1
3,0,1,3,34,10,24,17,24,11,13,7,13,8,5,2
2,4,4,0,49,42,7,0,7,6,1,1,1,0,1,0
0,2,4,2,44,17,27,15,27,24,3,3,3,0,3,3
2,4,4,2,32,9,23,0,23,10,13,3,13,9,4,0
0,1,1,3,52,42,10,8,10,9,1,1,1,0,1,0
2,1,4,3,23,14,9,4,9,4,5,4,5,0,5,2
2,0,0,0,17,12,5,0,5,3,2,2,2,2,0,0
0,1,0,0,12,9,3,2,3,3,0,0,0,0,0,0
0,3,3,4,14,5,9,8,9,6,3,1,3,1,2,2
2,2,0,2,19,5,14,13,14,6,8,2,8,3,5,1
1,4,2,3,21,7,14,8,14,1,13,12,13,12,1,0
2,1,2,1,95,18,77,24,77,75,2,2,2,0,2,0
1,3,4,1,49,33,16,13,16,6,10,6,10,6,4,3
3,3,4,0,38,34,4,3,4,1,3,2,3,1,2,2
2,0,3,1,67,22,45,7,45,24,21,3,21,5,16,9
1,3,3,4,31,10,21,6,21,19,2,1,2,0,2,1
2,4,3,1,27,13,14,13,14,5,9,6,9,5,4,3
3,3,2,4,21,19,2,0,2,1,1,1,1,0,1,0
0,1,3,3,7,2,5,5,5,3,2,2,2,2,0,0
0,3,2,1,38,4,34,21,34,14,20,0,20,7,13,1
2,0,2,3,36,2,34,18,34,24,10,9,10,1,9,7
4,0,2,3,46,25,21,10,21,21,0,0,0,0,0,0
4,2,0,2,32,3,29,10,29,14,15,14,15,13,2,0
1,3,0,3,8,6,2,1,2,1,1,0,1,1,0,0
0,1,2,4,64,36,28,21,28,11,17,8,17,17,0,0
2,1,1,1,30,14,16,0,16,1,15,6,15,15,0,0
1,0,0,3,5,2,3,0,3,0,3,0,3,3,0,0
2,1,1,1,36,34,2,1,2,1,1,0,1,0,1,1
1,2,3,1,35,18,17,12,17,10,7,1,7,3,4,2
0,4,3,4,36,19,17,4,17,6,11,1,11,0,11,5
3,3,2,2,50,24,26,13,26,14,12,1,12,8,4,3
2,2,4,3,38,14,24,5,24,1,23,6,23,19,4,3
3,0,3,2,18,17,1,0,1,1,0,0,0,0,0,0
1,1,0,2,34,1,33,16,33,30,3,3,3,3,0,0
1,2,3,3,53,26,27,17,27,11,16,1,16,1,15,5
2,1,0,3,40,12,28,22,28,1,27,25,27,24,3,0
1,0,4,3,47,23,24,6,24,15,9,5,9,6,3,2
4,1,2,2,56,6,50,22,50,43,7,2,7,4,3,2
0,3,4,3,24,13,11,10,11,11,0,0,0,0,0,0
4,1,1,1,24,18,6,6,6,1,5,5,5,3,2,1
0,4,3,2,32,30,2,0,2,0,2,1,2,1,1,0
4,4,3,0,18,15,3,3,3,1,2,2,2,0,2,2
0,4,1,3,16,0,16,1,16,4,12,10,12,8,4,4
4,3,4,3,12,7,5,2,5,4,1,0,1,0,1,0
1,0,2,0,37,14,23,3,23,9,14,13,14,5,9,2
1,2,3,4,61,5,56,39,56,20,36,18,36,0,36,26
4,3,3,3,24,12,12,8,12,7,5,5,5,3,2,0
2,4,2,0,34,16,18,15,18,13,5,2,5,5,0,0
3,1,2,1,52,1,51,14,51,7,44,25,44,10,34,26
4,0,1,4,12,0,12,8,12,8,4,2,4,4,0,0
1,3,2,0,41,5,36,23,36,1,35,4,35,9,26,19
2,4,2,0,57,10,47,36,47,13,34,15,34,33,1,1
4,4,1,3,24,23,1,1,1,0,1,0,1,0,1,0
4,0,4,4,40,5,35,17,35,14,21,6,21,20,1,1
2,3,0,3,37,15,22,9,22,2,20,19,20,11,9,5
3,2,0,3,28,6,22,3,22,20,2,2,2,1,1,0
3,0,1,1,37,17,20,14,20,10,10,7,10,3,7,7
0,3,4,2,36,23,13,10,13,5,8,6,8,2,6,2
3,0,4,1,2,1,1,0,1,1,0,0,0,0,0,0
2,3,0,0,8,1,7,5,7,1,6,6,6,0,6,3
1,1,0,2,22,3,19,19,19,18,1,0,1,0,1,1
4,0,1,0,3,1,2,1,2,2,0,0,0,0,0,0
2,2,1,2,31,7,24,14,24,2,22,16,22,18,4,1
1,2,2,0,50,34,16,13,16,1,15,0,15,2,13,12
0,4,1,0,22,1,21,16,21,13,8,8,8,5,3,2
3,0,1,3,27,16,11,1,11,1,10,3,10,6,4,4
4,3,4,3,23,19,4,1,4,3,1,1,1,1,0,0
1,1,1,2,27,15,12,6,12,4,8,5,8,3,5,2
1,1,4,0,38,7,31,6,31,21,10,6,10,1,9,0
1,2,0,4,49,49,0,0,0,0,0,0,0,0,0,0
4,0,4,2,34,23,11,11,11,9,2,2,2,0,2,1
1,1,1,2,61,35,26,25,26,25,1,0,1,1,0,0
4,0,4,0,23,11,12,0,12,4,8,6,8,2,6,4
4,1,3,2,47,19,28,10,28,8,20,11,20,9,11,10
4,1,4,3,32,28,4,1,4,2,2,0,2,0,2,0
1,4,3,2,31,22,9,1,9,3,6,3,6,3,3,0
0,1,2,2,21,9,12,8,12,8,4,3,4,3,1,0
2,3,1,1,16,14,2,1,2,1,1,1,1,1,0,0
4,4,4,4,17,17,0,0,0,0,0,0,0,0,0,0
4,1,3,3,37,25,12,6,12,0,12,4,12,1,11,3
2,2,1,2,0,0,0,0,0,0,0,0,0,0,0,0
1,3,4,2,36,4,32,17,32,9,23,6,23,18,5,1
3,1,3,4,57,53,4,4,4,4,0,0,0,0,0,0
0,4,2,2,37,11,26,20,26,13,13,9,13,9,4,1
3,2,1,0,19,2,17,7,17,5,12,6,12,9,3,3
0,0,2,4,32,28,4,4,4,4,0,0,0,0,0,0
4,3,0,4,37,18,19,18,19,15,4,3,4,3,1,0
2,2,0,3,48,24,24,16,24,24,0,0,0,0,0,0
4,1,3,0,45,44,1,1,1,1,0,0,0,0,0,0
0,1,2,2,15,15,0,0,0,0,0,0,0,0,0,0
1,4,1,3,50,14,36,16,36,27,9,3,9,9,0,0
0,1,4,4,76,75,1,0,1,0,1,1,1,0,1,0
2,2,2,3,47,31,16,11,16,7,9,8,9,5,4,4
2,3,1,2,14,11,3,0,3,1,2,0,2,0,2,2
0,4,3,3,28,23,5,1,5,5,0,0,0,0,0,0
1,1,4,3,21,20,1,1,1,1,0,0,0,0,0,0
0,0,4,1,41,18,23,12,23,4,19,0,19,3,16,2
1,1,3,0,31,15,16,1,16,4,12,7,12,5,7,1
3,3,0,1,20,6,14,9,14,14,0,0,0,0,0,0
3,2,2,4,12,6,6,0,6,0,6,4,6,4,2,2
3,1,2,1,53,21,32,31,32,22,10,2,10,8,2,1
1,2,2,1,29,29,0,0,0,0,0,0,0,0,0,0
3,4,2,2,47,15,32,19,32,12,20,3,20,18,2,0
1,3,4,2,54,17,37,23,37,37,0,0,0,0,0,0
3,0,1,0,34,34,0,0,0,0,0,0,0,0,0,0
3,3,3,1,30,14,16,13,16,10,6,5,6,3,3,0
1,4,1,3,40,27,13,13,13,1,12,10,12,2,10,7
4,0,2,1,9,0,9,6,9,9,0,0,0,0,0,0
1,3,2,1,32,6,26,4,26,21,5,1,5,1,4,4
3,1,3,3,38,25,13,3,13,13,0,0,0,0,0,0
0,4,1,2,1,1,0,0,0,0,0,0,0,0,0,0
4,0,3,2,9,4,5,3,5,0,5,3,5,0,5,4
2,2,1,2,32,9,23,16,23,9,14,13,14,0,14,2
4,4,0,2,18,4,14,7,14,2,12,6,12,3,9,9
0,0,3,3,13,9,4,0,4,2,2,1,2,0,2,1
3,3,1,1,67,39,28,25,28,24,4,3,4,4,0,0
1,2,2,4,40,39,1,1,1,0,1,1,1,1,0,0
4,4,3,3,51,40,11,5,11,10,1,0,1,1,0,0
0,4,2,1,17,11,6,5,6,5,1,0,1,0,1,1
0,3,0,3,50,34,16,14,16,14,2,0,2,2,0,0
3,4,3,3,18,5,13,4,13,11,2,1,2,2,0,0
3,1,2,2,9,4,5,0,5,5,0,0,0,0,0,0
1,3,1,3,59,28,31,23,31,0,31,29,31,14,17,7
0,2,1,0,41,39,2,1,2,0,2,0,2,0,2,2
1,0,3,0,38,10,28,15,28,11,17,7,17,4,13,9
4,2,2,3,19,9,10,0,10,5,5,0,5,5,0,0
0,2,1,0,36,13,23,1,23,9,14,7,14,6,8,6
1,1,0,0,45,16,29,6,29,29,0,0,0,0,0,0
4,2,0,2,32,6,26,22,26,3,23,10,23,4,19,11
4,0,2,4,42,20,22,17,22,20,2,1,2,0,2,0
3,2,4,1,44,33,11,6,11,5,6,5,6,3,3,3
1,4,3,4,9,0,9,0,9,2,7,3,7,3,4,2
2,0,0,4,11,7,4,4,4,4,0,0,0,0,0,0
2,2,0,2,45,16,29,4,29,11,18,17,18,7,11,2
0,3,1,3,17,11,6,3,6,0,6,4,6,2,4,1
1,0,0,1,38,23,15,0,15,10,5,5,5,3,2,1
1,4,4,1,22,12,10,8,10,8,2,0,2,0,2,0
1,0,4,4,40,10,30,26,30,15,15,11,15,3,12,11
4,2,3,2,10,9,1,1,1,0,1,0,1,1,0,0
3,1,3,2,21,0,21,7,21,15,6,6,6,5,1,0
1,3,3,1,12,6,6,3,6,0,6,0,6,6,0,0
1,0,2,3,23,11,12,12,12,2,10,2,10,7,3,2
0,0,4,2,10,9,1,0,1,1,0,0,0,0,0,0
3,2,4,2,53,46,7,6,7,7,0,0,0,0,0,0
0,1,3,0,16,12,4,3,4,1,3,3,3,3,0,0
4,2,0,3,16,16,0,0,0,0,0,0,0,0,0,0
4,2,2,4,25,7,18,0,18,3,15,7,15,7,8,3
3,0,2,2,27,0,27,8,27,19,8,2,8,7,1,1
2,4,4,4,36,20,16,12,16,1,15,12,15,1,14,5
2,1,3,0,16,5,11,2,11,11,0,0,0,0,0,0
2,1,1,4,49,20,29,2,29,25,4,4,4,2,2,1
2,1,2,1,40,16,24,10,24,24,0,0,0,0,0,0
4,3,1,2,41,34,7,0,7,3,4,1,4,1,3,0
0,3,2,2,25,5,20,19,20,1,19,2,19,1,18,12
4,2,3,4,18,11,7,6,7,3,4,1,4,1,3,1
1,3,2,4,36,10,26,0,26,25,1,0,1,0,1,1
0,4,4,3,9,3,6,0,6,4,2,0,2,0,2,2
3,0,0,2,20,9,11,2,11,8,3,0,3,2,1,0
2,2,3,1,43,8,35,14,35,21,14,4,14,14,0,0
2,4,3,0,68,9,59,21,59,26,33,21,33,0,33,30
1,0,2,4,34,13,21,10,21,0,21,21,21,11,10,10
4,3,3,0,40,7,33,29,33,22,11,5,11,10,1,1
3,0,4,4,27,11,16,14,16,7,9,0,9,7,2,0
3,4,0,3,40,27,13,4,13,9,4,2,4,3,1,1
0,4,2,1,9,7,2,2,2,2,0,0,0,0,0,0
2,0,2,2,35,2,33,12,33,4,29,10,29,8,21,21
1,0,4,0,27,5,22,20,22,8,14,3,14,9,5,5
4,3,1,4,3,3,0,0,0,0,0,0,0,0,0,0
2,2,0,3,2,1,1,0,1,0,1,1,1,1,0,0
2,1,0,0,34,0,34,26,34,6,28,15,28,16,12,11
2,2,1,1,22,21,1,1,1,0,1,0,1,0,1,1
0,1,4,3,58,10,48,16,48,2,46,1,46,26,20,18
2,2,2,2,17,1,16,4,16,5,11,6,11,1,10,10
2,1,2,0,29,23,6,0,6,0,6,6,6,5,1,0
3,1,0,2,32,15,17,16,17,8,9,0,9,0,9,3
3,4,3,2,38,29,9,7,9,3,6,1,6,4,2,1
0,1,1,2,59,6,53,49,53,45,8,6,8,3,5,4
0,2,3,1,11,5,6,0,6,3,3,1,3,1,2,1
4,3,1,1,19,15,4,4,4,2,2,2,2,2,0,0
4,3,2,1,36,3,33,24,33,31,2,0,2,1,1,1
0,1,3,3,26,10,16,15,16,2,14,10,14,8,6,5
3,1,3,0,27,18,9,8,9,3,6,6,6,3,3,1
0,3,3,1,16,2,14,3,14,14,0,0,0,0,0,0
4,4,3,0,31,6,25,25,25,13,12,0,12,1,11,9
0,1,2,2,18,0,18,16,18,18,0,0,0,0,0,0
0,3,1,3,37,15,22,7,22,19,3,0,3,1,2,2
2,2,3,4,18,2,16,10,16,10,6,5,6,6,0,0
4,3,0,4,11,1,10,10,10,7,3,2,3,2,1,1
3,3,3,3,6,0,6,4,6,6,0,0,0,0,0,0
3,2,1,4,25,6,19,4,19,9,10,2,10,1,9,6
2,4,2,0,19,8,11,4,11,0,11,4,11,10,1,1
4,3,3,3,64,23,41,22,41,2,39,34,39,17,22,18
2,4,2,2,16,6,10,6,10,1,9,6,9,3,6,5
4,4,1,3,12,7,5,3,5,4,1,1,1,0,1,1
3,1,3,3,54,49,5,3,5,5,0,0,0,0,0,0
0,0,3,3,41,9,32,13,32,25,7,1,7,2,5,5
1,0,2,0,24,7,17,15,17,15,2,0,2,0,2,1
0,2,2,1,55,28,27,3,27,16,11,4,11,8,3,2
3,3,4,4,5,3,2,1,2,2,0,0,0,0,0,0
2,3,4,2,21,4,17,16,17,13,4,4,4,1,3,0
1,1,1,4,31,22,9,1,9,1,8,7,8,6,2,1
1,2,1,0,57,12,45,20,45,3,42,14,42,16,26,6
3,0,0,4,54,47,7,6,7,3,4,2,4,2,2,2
3,2,2,2,41,19,22,22,22,12,10,1,10,8,2,0
4,0,3,1,47,46,1,0,1,0,1,0,1,0,1,0
2,4,2,4,25,12,13,8,13,7,6,4,6,0,6,5
4,4,3,3,48,47,1,0,1,0,1,0,1,0,1,1
1,2,1,4,28,4,24,13,24,9,15,13,15,12,3,3
4,4,1,2,33,3,30,23,30,13,17,3,17,5,12,12
0,4,2,3,5,5,0,0,0,0,0,0,0,0,0,0
1,2,3,2,6,0,6,6,6,2,4,2,4,0,4,1
4,1,2,3,1,0,1,1,1,0,1,1,1,1,0,0
3,0,2,0,21,4,17,5,17,17,0,0,0,0,0,0
2,1,4,0,20,4,16,12,16,13,3,1,3,2,1,1
4,1,0,4,24,12,12,0,12,12,0,0,0,0,0,0
3,2,4,4,46,20,26,7,26,26,0,0,0,0,0,0
1,3,1,2,46,10,36,6,36,11,25,20,25,25,0,0
2,0,1,0,24,22,2,0,2,0,2,2,2,2,0,0
4,4,1,0,38,23,15,4,15,13,2,1,2,2,0,0
2,2,3,1,60,27,33,5,33,9,24,1,24,9,15,10
0,2,4,3,56,11,45,12,45,19,26,3,26,24,2,0
1,3,3,0,22,8,14,9,14,12,2,0,2,2,0,0
1,1,0,2,15,0,15,11,15,11,4,3,4,0,4,4
3,4,0,3,32,7,25,14,25,20,5,1,5,3,2,1
4,0,0,2,15,10,5,0,5,0,5,1,5,2,3,2
3,2,3,2,13,0,13,10,13,12,1,1,1,0,1,0
2,1,3,0,33,19,14,14,14,9,5,1,5,0,5,5
0,2,2,0,59,14,45,2,45,22,23,5,23,11,12,9
0,3,3,2,9,5,4,4,4,3,1,1,1,1,0,0
0,4,1,0,64,40,24,21,24,10,14,9,14,2,12,8
0,1,0,1,57,38,19,10,19,10,9,6,9,7,2,2
3,2,1,0,9,7,2,0,2,0,2,1,2,1,1,1
3,4,3,0,30,30,0,0,0,0,0,0,0,0,0,0
2,1,2,0,28,14,14,9,14,9,5,2,5,4,1,0
2,0,1,0,71,37,34,34,34,26,8,8,8,0,8,1
4,4,3,1,4,3,1,0,1,1,0,0,0,0,0,0
4,1,0,2,49,19,30,25,30,19,11,7,11,2,9,0
2,4,2,4,60,50,10,0,10,10,0,0,0,0,0,0
0,3,1,2,37,37,0,0,0,0,0,0,0,0,0,0
3,0,2,3,6,1,5,5,5,1,4,3,4,3,1,0
3,2,2,0,22,16,6,2,6,1,5,2,5,4,1,1
2,4,4,3,24,9,15,0,15,8,7,4,7,2,5,1
0,4,1,2,32,23,9,2,9,8,1,1,1,1,0,0
1,1,3,1,31,20,11,8,11,2,9,7,9,7,2,1
0,2,3,4,35,33,2,2,2,2,0,0,0,0,0,0
0,2,2,2,49,23,26,13,26,21,5,5,5,1,4,0
3,3,2,3,19,2,17,12,17,5,12,4,12,0,12,9
2,2,1,1,3,2,1,1,1,1,0,0,0,0,0,0
1,4,1,4,17,14,3,0,3,3,0,0,0,0,0,0
1,3,4,4,36,15,21,8,21,16,5,3,5,3,2,0
3,4,2,3,48,19,29,7,29,1,28,25,28,22,6,6
2,4,0,1,17,13,4,3,4,0,4,4,4,2,2,0
4,3,0,2,28,15,13,1,13,9,4,2,4,0,4,4
4,0,1,1,89,64,25,10,25,23,2,1,2,1,1,0
1,4,1,0,14,7,7,5,7,6,1,1,1,1,0,0
0,2,1,0,55,52,3,3,3,1,2,0,2,2,0,0
2,4,4,4,33,33,0,0,0,0,0,0,0,0,0,0
0,0,4,3,6,6,0,0,0,0,0,0,0,0,0,0
0,1,0,1,43,10,33,12,33,27,6,1,6,1,5,0
3,2,0,3,39,36,3,1,3,2,1,0,1,1,0,0
2,2,3,0,11,7,4,4,4,4,0,0,0,0,0,0
2,0,2,1,21,14,7,5,7,5,2,2,2,0,2,0
1,0,1,0,24,11,13,11,13,8,5,2,5,1,4,0
1,2,0,3,63,48,15,4,15,6,9,1,9,9,0,0
2,0,2,2,47,30,17,17,17,2,15,13,15,6,9,1
1,1,4,1,4,1,3,2,3,0,3,0,3,2,1,0
0,0,2,0,39,5,34,32,34,16,18,2,18,17,1,1
2,2,4,1,15,2,13,8,13,12,1,0,1,1,0,0
1,0,0,2,31,9,22,13,22,6,16,12,16,15,1,1
4,2,2,3,46,45,1,0,1,0,1,0,1,1,0,0
2,1,4,0,44,19,25,23,25,17,8,7,8,6,2,2
1,0,4,3,22,16,6,5,6,1,5,0,5,2,3,2
3,4,0,3,8,3,5,3,5,0,5,3,5,1,4,1
2,1,1,3,61,17,44,39,44,20,24,9,24,10,14,1
3,3,3,4,53,24,29,29,29,20,9,1,9,1,8,7
1,0,1,3,22,21,1,0,1,0,1,1,1,1,0,0
1,1,4,1,29,29,0,0,0,0,0,0,0,0,0,0
2,3,3,1,32,17,15,3,15,4,11,6,11,11,0,0
1,3,0,1,8,0,8,0,8,0,8,3,8,1,7,1
4,4,0,1,23,0,23,14,23,13,10,5,10,10,0,0
4,4,0,1,34,26,8,1,8,0,8,0,8,8,0,0
4,1,3,1,12,10,2,1,2,1,1,0,1,0,1,0
2,2,2,1,38,18,20,0,20,18,2,1,2,1,1,1
0,4,0,3,43,6,37,9,37,31,6,6,6,2,4,3
4,2,1,4,46,7,39,22,39,12,27,1,27,15,12,1
1,3,1,4,22,11,11,9,11,10,1,0,1,0,1,0
3,2,3,0,50,22,28,13,28,27,1,0,1,0,1,1
1,4,3,3,14,7,7,2,7,5,2,1,2,1,1,1
2,2,2,4,71,35,36,10,36,13,23,19,23,12,11,7
4,0,2,3,26,9,17,11,17,7,10,3,10,1,9,0
3,4,2,1,22,5,17,13,17,11,6,6,6,2,4,1
0,1,0,2,32,18,14,2,14,1,13,4,13,1,12,2
2,1,0,4,7,2,5,2,5,5,0,0,0,0,0,0
0,3,3,0,20,5,15,1,15,14,1,0,1,1,0,0
3,3,3,4,11,6,5,4,5,1,4,0,4,2,2,2
4,0,2,1,17,14,3,3,3,1,2,1,2,2,0,0
2,2,2,1,57,17,40,39,40,0,40,15,40,27,13,13
4,1,1,3,49,17,32,26,32,24,8,0,8,7,1,0
4,3,1,2,29,27,2,0,2,1,1,1,1,1,0,0
3,3,2,4,17,12,5,4,5,0,5,4,5,3,2,0
2,3,4,2,36,35,1,1,1,1,0,0,0,0,0,0
0,0,3,4,68,23,45,17,45,42,3,2,3,0,3,1
3,2,2,1,26,1,25,6,25,6,19,16,19,6,13,3
3,4,2,1,60,21,39,9,39,19,20,17,20,17,3,2
0,1,1,2,26,23,3,2,3,2,1,0,1,1,0,0
4,1,0,3,47,2,45,11,45,10,35,6,35,0,35,5
4,4,1,4,28,23,5,3,5,5,0,0,0,0,0,0
4,0,1,3,35,12,23,17,23,15,8,6,8,5,3,0
1,2,3,3,13,10,3,0,3,0,3,0,3,0,3,2
3,0,0,3,15,1,14,14,14,8,6,4,6,0,6,3
2,1,0,2,5,4,1,1,1,1,0,0,0,0,0,0
0,4,4,2,20,15,5,3,5,3,2,2,2,1,1,1
2,3,0,1,26,7,19,13,19,17,2,2,2,2,0,0
4,1,2,3,39,36,3,3,3,0,3,0,3,2,1,0
4,1,0,0,30,2,28,7,28,6,22,16,22,1,21,2
2,0,4,1,42,0,42,36,42,19,23,17,23,4,19,7
4,4,2,4,43,8,35,32,35,22,13,5,13,6,7,7
0,2,4,0,40,27,13,13,13,3,10,4,10,3,7,6
0,1,1,4,31,31,0,0,0,0,0,0,0,0,0,0
0,2,2,1,58,52,6,3,6,2,4,2,4,0,4,4
3,3,4,2,47,4,43,0,43,5,38,10,38,9,29,7
2,0,2,1,34,16,18,1,18,0,18,10,18,16,2,2
4,4,2,0,33,19,14,6,14,8,6,4,6,0,6,3
1,2,1,0,37,16,21,15,21,4,17,5,17,1,16,0
1,3,1,4,27,17,10,0,10,5,5,2,5,4,1,0
3,1,3,1,39,11,28,26,28,8,20,13,20,18,2,1
1,2,2,0,25,8,17,1,17,12,5,2,5,5,0,0
1,1,3,4,25,14,11,4,11,7,4,0,4,0,4,0
3,4,0,4,64,38,26,0,26,24,2,2,2,2,0,0
1,3,4,1,34,3,31,23,31,17,14,8,14,1,13,1
2,4,4,2,19,1,18,7,18,10,8,6,8,8,0,0
1,0,2,2,17,2,15,6,15,7,8,3,8,6,2,1
1,1,1,1,0,0,0,0,0,0,0,0,0,0,0,0
4,1,0,2,38,12,26,6,26,11,15,13,15,10,5,1
4,4,0,4,57,9,48,41,48,6,42,19,42,1,41,11
0,0,3,2,3,3,0,0,0,0,0,0,0,0,0,0
2,3,1,1,54,22,32,28,32,2,30,30,30,6,24,13
1,1,4,0,27,3,24,8,24,17,7,6,7,0,7,4
3,3,2,0,36,5,31,23,31,23,8,7,8,7,1,0
0,0,3,0,56,35,21,14,21,14,7,0,7,1,6,2
3,0,2,3,45,34,11,1,11,8,3,3,3,3,0,0
4,1,2,4,20,10,10,2,10,3,7,5,7,4,3,2
2,0,4,1,46,29,17,8,17,9,8,0,8,7,1,0
2,0,3,1,2,1,1,1,1,1,0,0,0,0,0,0
2,2,2,0,33,1,32,17,32,4,28,16,28,16,12,8
1,0,1,3,39,12,27,20,27,22,5,5,5,1,4,1
1,4,0,4,33,17,16,15,16,3,13,0,13,2,11,4
1,3,3,4,21,6,15,15,15,7,8,7,8,8,0,0
3,0,1,3,18,9,9,9,9,5,4,1,4,1,3,2
3,1,4,2,65,40,25,7,25,25,0,0,0,0,0,0
4,0,1,2,14,9,5,3,5,2,3,2,3,0,3,2
1,3,4,0,3,3,0,0,0,0,0,0,0,0,0,0
2,0,3,2,43,36,7,3,7,2,5,4,5,1,4,1
4,2,3,2,21,18,3,3,3,1,2,0,2,2,0,0
2,4,0,4,51,14,37,16,37,23,14,6,14,0,14,9
1,3,0,0,8,3,5,1,5,0,5,1,5,4,1,1
3,2,0,4,55,18,37,34,37,17,20,16,20,20,0,0
3,2,4,3,3,1,2,1,2,1,1,0,1,0,1,1
2,0,3,4,20,8,12,1,12,7,5,2,5,0,5,5
0,1,0,4,49,26,23,19,23,6,17,15,17,9,8,7
4,1,0,0,17,14,3,0,3,2,1,0,1,0,1,0
0,1,3,0,28,18,10,7,10,3,7,1,7,1,6,3
1,2,0,4,18,0,18,4,18,10,8,2,8,0,8,2
0,4,3,2,13,13,0,0,0,0,0,0,0,0,0,0
2,1,3,0,49,18,31,5,31,21,10,2,10,3,7,5
0,3,4,2,15,15,0,0,0,0,0,0,0,0,0,0
3,1,0,4,42,36,6,0,6,4,2,2,2,1,1,1
4,2,4,3,57,35,22,14,22,20,2,0,2,1,1,0
0,3,0,0,21,0,21,21,21,15,6,1,6,1,5,5
4,2,3,0,36,36,0,0,0,0,0,0,0,0,0,0
2,0,0,1,49,4,45,27,45,26,19,5,19,2,17,12
1,3,0,0,7,5,2,0,2,0,2,1,2,0,2,0
2,1,3,3,25,17,8,7,8,1,7,0,7,3,4,1
2,0,1,2,32,10,22,10,22,17,5,0,5,1,4,4
4,0,4,3,43,40,3,2,3,3,0,0,0,0,0,0
2,0,4,0,34,1,33,25,33,25,8,2,8,5,3,2
0,3,0,2,28,10,18,14,18,17,1,0,1,1,0,0
3,0,4,2,34,10,24,24,24,16,8,1,8,6,2,2
0,1,3,1,40,22,18,8,18,1,17,8,17,17,0,0
1,2,0,3,15,13,2,1,2,2,0,0,0,0,0,0
4,0,4,3,18,4,14,9,14,11,3,2,3,0,3,0
1,3,1,1,0,0,0,0,0,0,0,0,0,0,0,0
1,2,2,0,66,17,49,36,49,47,2,1,2,1,1,0
2,4,4,3,21,8,13,13,13,2,11,7,11,3,8,2
3,2,4,2,40,30,10,5,10,8,2,0,2,2,0,0
3,1,2,2,33,11,22,13,22,8,14,11,14,11,3,1
1,2,3,3,75,30,45,17,45,38,7,0,7,7,0,0
2,2,3,3,15,15,0,0,0,0,0,0,0,0,0,0
1,0,2,3,32,6,26,16,26,0,26,21,26,23,3,1
4,1,3,2,27,12,15,4,15,4,11,1,11,6,5,3
3,0,0,1,21,2,19,9,19,8,11,3,11,4,7,0
3,2,1,3,30,2,28,5,28,25,3,3,3,0,3,2
3,0,3,4,38,31,7,4,7,3,4,3,4,0,4,0
4,0,3,0,59,22,37,0,37,2,35,27,35,28,7,4
1,3,2,0,70,7,63,43,63,54,9,9,9,8,1,1
3,0,2,4,42,9,33,3,33,1,32,7,32,30,2,0
2,3,2,2,27,13,14,3,14,4,10,3,10,6,4,1
3,4,4,0,37,4,33,19,33,14,19,1,19,18,1,1
3,2,2,3,40,10,30,3,30,6,24,19,24,3,21,2
0,3,1,0,24,9,15,9,15,4,11,10,11,5,6,0
0,1,4,1,42,5,37,37,37,9,28,11,28,28,0,0
2,0,0,2,20,8,12,7,12,5,7,3,7,5,2,1
0,0,3,3,77,74,3,0,3,3,0,0,0,0,0,0
2,3,4,4,27,2,25,22,25,1,24,3,24,21,3,0
3,0,2,3,24,20,4,3,4,3,1,1,1,1,0,0
2,4,4,1,45,22,23,7,23,5,18,7,18,13,5,2
1,1,4,3,38,8,30,24,30,15,15,9,15,7,8,6
3,1,1,4,20,9,11,11,11,2,9,5,9,1,8,6
0,2,3,3,46,21,25,7,25,4,21,5,21,18,3,3
1,4,4,4,28,9,19,10,19,9,10,2,10,8,2,0
4,3,2,2,14,13,1,1,1,0,1,0,1,0,1,1
1,1,4,4,10,10,0,0,0,0,0,0,0,0,0,0
2,0,4,4,40,15,25,23,25,1,24,17,24,10,14,9
2,3,1,2,31,16,15,1,15,1,14,5,14,0,14,4
2,2,2,4,20,6,14,13,14,14,0,0,0,0,0,0
3,3,3,2,38,18,20,18,20,3,17,11,17,2,15,4
3,4,0,0,0,0,0,0,0,0,0,0,0,0,0,0
3,1,0,4,37,6,31,30,31,31,0,0,0,0,0,0
3,4,2,0,50,48,2,2,2,1,1,1,1,1,0,0
3,0,2,3,1,0,1,1,1,1,0,0,0,0,0,0
3,0,3,3,14,5,9,6,9,4,5,2,5,4,1,1
4,3,4,3,17,15,2,2,2,2,0,0,0,0,0,0
2,0,3,3,50,8,42,12,42,31,11,7,11,4,7,6
4,4,3,4,58,27,31,5,31,23,8,2,8,4,4,3
1,2,0,2,47,4,43,34,43,14,29,9,29,22,7,1
2,3,1,0,42,29,13,2,13,8,5,5,5,5,0,0
3,0,3,2,19,14,5,3,5,2,3,0,3,1,2,0
3,4,2,2,27,22,5,5,5,5,0,0,0,0,0,0
1,3,1,2,43,21,22,2,22,7,15,11,15,14,1,0
2,3,3,3,33,18,15,9,15,12,3,2,3,0,3,2
3,3,1,1,62,34,28,28,28,21,7,4,7,7,0,0
2,4,2,2,31,19,12,8,12,0,12,11,12,5,7,7
0,4,2,0,51,10,41,38,41,21,20,12,20,9,11,5
1,3,1,0,8,7,1,1,1,1,0,0,0,0,0,0
0,4,2,4,51,27,24,1,24,2,22,7,22,6,16,14
3,3,3,4,27,1,26,19,26,19,7,4,7,7,0,0
1,4,1,0,37,15,22,12,22,9,13,8,13,6,7,6
4,1,0,1,16,1,15,15,15,8,7,6,7,0,7,1
4,3,4,2,12,3,9,9,9,2,7,0,7,3,4,0
3,3,4,3,28,12,16,0,16,4,12,2,12,1,11,3
4,4,4,2,46,6,40,27,40,18,22,15,22,6,16,15
1,2,2,0,51,14,37,5,37,9,28,19,28,4,24,12
3,1,1,1,77,17,60,57,60,41,19,16,19,11,8,6
3,4,0,0,50,48,2,2,2,0,2,0,2,1,1,1
0,2,0,2,30,27,3,2,3,3,0,0,0,0,0,0
2,2,1,3,52,48,4,0,4,4,0,0,0,0,0,0
2,2,2,0,43,26,17,4,17,6,11,6,11,0,11,5
1,3,0,3,11,5,6,2,6,3,3,0,3,3,0,0
1,1,3,2,47,4,43,39,43,27,16,15,16,6,10,8
0,2,4,1,69,45,24,16,24,15,9,1,9,4,5,4
2,0,4,1,32,0,32,5,32,25,7,2,7,0,7,0
3,4,2,0,26,10,16,13,16,2,14,10,14,10,4,4
4,0,2,1,34,5,29,3,29,18,11,0,11,7,4,0
2,4,4,3,1,0,1,1,1,0,1,1,1,1,0,0
3,1,4,3,45,37,8,1,8,5,3,3,3,2,1,0
2,1,4,1,45,8,37,24,37,15,22,11,22,22,0,0
3,1,4,0,25,13,12,0,12,6,6,0,6,4,2,1
2,3,2,1,33,22,11,11,11,6,5,1,5,5,0,0
3,3,4,0,31,3,28,0,28,19,9,7,9,5,4,4
3,4,0,3,26,7,19,12,19,18,1,1,1,1,0,0
4,1,0,2,49,4,45,18,45,15,30,1,30,28,2,1
0,3,1,4,43,1,42,19,42,19,23,4,23,6,17,1
1,0,1,4,29,2,27,5,27,1,26,5,26,6,20,14
4,2,2,2,22,6,16,4,16,10,6,1,6,4,2,1
1,3,0,4,16,7,9,7,9,7,2,1,2,2,0,0
2,0,1,0,60,47,13,6,13,1,12,3,12,4,8,3
0,3,1,1,18,1,17,11,17,5,12,11,12,2,10,0
3,0,2,2,31,28,3,2,3,2,1,0,1,1,0,0
1,0,3,1,34,29,5,5,5,4,1,0,1,0,1,0
0,3,0,4,37,26,11,5,11,11,0,0,0,0,0,0
0,3,1,2,34,8,26,4,26,26,0,0,0,0,0,0
4,0,3,0,37,3,34,15,34,33,1,0,1,0,1,0
1,3,1,0,28,25,3,2,3,2,1,0,1,1,0,0
1,2,3,1,29,2,27,20,27,2,25,20,25,17,8,5
1,2,2,4,16,10,6,2,6,3,3,2,3,2,1,0
3,3,3,1,47,8,39,31,39,38,1,1,1,1,0,0
3,4,4,0,41,13,28,18,28,23,5,5,5,5,0,0
2,1,0,3,35,7,28,25,28,26,2,2,2,2,0,0
0,0,1,0,24,11,13,0,13,2,11,7,11,6,5,1
4,4,0,3,41,40,1,1,1,1,0,0,0,0,0,0
1,3,3,2,21,7,14,7,14,4,10,6,10,4,6,0
3,1,3,1,3,1,2,1,2,1,1,1,1,1,0,0
3,0,1,1,39,12,27,13,27,9,18,14,18,1,17,7
1,3,0,4,13,11,2,1,2,0,2,1,2,2,0,0
0,2,1,4,61,38,23,1,23,2,21,14,21,17,4,4
0,3,0,2,17,12,5,5,5,4,1,0,1,1,0,0
2,0,1,3,50,44,6,0,6,4,2,1,2,2,0,0
2,2,0,0,21,0,21,19,21,2,19,2,19,15,4,0
2,4,0,2,53,52,1,1,1,0,1,1,1,0,1,0
0,3,1,0,54,42,12,12,12,11,1,0,1,1,0,0
1,1,3,3,42,25,17,8,17,12,5,4,5,4,1,1
2,2,2,4,36,10,26,5,26,21,5,2,5,0,5,3
2,0,4,2,22,2,20,20,20,14,6,3,6,0,6,2
3,3,3,2,6,0,6,3,6,6,0,0,0,0,0,0
3,2,2,0,31,11,20,2,20,2,18,13,18,6,12,2
1,0,3,1,48,39,9,4,9,5,4,1,4,2,2,1
0,4,1,0,47,2,45,15,45,15,30,3,30,27,3,3
0,1,2,2,43,7,36,0,36,27,9,2,9,4,5,2
1,3,1,3,4,4,0,0,0,0,0,0,0,0,0,0
4,0,4,4,22,5,17,11,17,3,14,2,14,9,5,3
0,3,3,2,55,46,9,8,9,0,9,4,9,2,7,2
1,3,2,4,33,6,27,19,27,4,23,12,23,3,20,18
0,2,3,4,86,46,40,20,40,22,18,16,18,12,6,4
4,0,1,1,9,8,1,1,1,1,0,0,0,0,0,0
2,0,2,0,18,3,15,1,15,11,4,2,4,3,1,1
4,3,2,2,48,45,3,2,3,3,0,0,0,0,0,0
0,0,2,4,9,6,3,2,3,0,3,3,3,3,0,0
4,1,4,0,20,1,19,4,19,18,1,0,1,0,1,1
4,4,1,3,34,22,12,9,12,12,0,0,0,0,0,0
4,0,1,3,34,4,30,17,30,30,0,0,0,0,0,0
4,0,4,2,44,22,22,22,22,15,7,4,7,4,3,1
0,2,3,1,3,3,0,0,0,0,0,0,0,0,0,0
4,3,1,1,44,12,32,31,32,9,23,13,23,4,19,17
0,4,2,0,54,14,40,10,40,39,1,0,1,0,1,1
3,3,3,1,36,33,3,1,3,1,2,2,2,0,2,1
2,1,1,1,46,20,26,12,26,18,8,7,8,7,1,0
4,1,4,3,21,6,15,0,15,15,0,0,0,0,0,0
3,1,4,0,58,23,35,21,35,9,26,22,26,5,21,14
0,3,0,2,28,23,5,4,5,5,0,0,0,0,0,0
4,0,4,0,25,14,11,2,11,9,2,2,2,2,0,0
2,4,3,4,36,28,8,1,8,0,8,6,8,0,8,0
1,0,0,4,19,4,15,7,15,7,8,1,8,3,5,1
4,4,1,1,13,1,12,9,12,11,1,0,1,0,1,0
3,1,2,2,34,2,32,25,32,31,1,1,1,0,1,1
0,2,2,2,8,0,8,2,8,7,1,1,1,1,0,0
3,0,3,2,32,31,1,1,1,0,1,0,1,1,0,0
4,3,3,0,7,0,7,7,7,7,0,0,0,0,0,0
3,3,3,1,45,44,1,0,1,1,0,0,0,0,0,0
0,0,0,1,28,22,6,4,6,4,2,1,2,0,2,0
4,3,1,3,18,5,13,2,13,5,8,3,8,2,6,5
3,4,3,1,33,22,11,3,11,4,7,2,7,1,6,0
0,0,3,0,4,1,3,0,3,1,2,0,2,2,0,0
0,3,0,3,19,2,17,8,17,5,12,0,12,2,10,10
3,2,3,4,37,16,21,20,21,4,17,7,17,16,1,1
3,0,4,4,29,14,15,5,15,2,13,0,13,4,9,0
0,3,0,0,30,13,17,0,17,15,2,0,2,2,0,0
1,2,0,4,9,3,6,5,6,6,0,0,0,0,0,0
1,3,0,4,72,60,12,9,12,0,12,11,12,12,0,0
1,0,2,0,39,16,23,6,23,22,1,1,1,0,1,0
4,1,2,4,26,3,23,18,23,5,18,9,18,10,8,5
4,4,1,4,38,20,18,14,18,5,13,6,13,5,8,3
4,4,3,4,27,22,5,1,5,0,5,5,5,5,0,0
0,4,2,0,15,14,1,0,1,0,1,1,1,1,0,0
2,0,2,2,77,33,44,1,44,3,41,10,41,14,27,27
0,2,4,3,7,3,4,4,4,2,2,1,2,1,1,0
3,3,2,3,2,1,1,0,1,1,0,0,0,0,0,0
2,3,2,2,3,2,1,1,1,0,1,1,1,1,0,0
2,4,0,0,36,22,14,5,14,8,6,5,6,2,4,2
3,2,1,4,10,9,1,1,1,0,1,1,1,1,0,0
4,4,1,0,61,59,2,0,2,2,0,0,0,0,0,0
3,4,0,1,49,7,42,38,42,23,19,0,19,3,16,11
4,2,3,2,36,3,33,17,33,8,25,4,25,5,20,12
3,2,3,1,33,25,8,8,8,2,6,0,6,6,0,0
0,0,0,0,17,12,5,0,5,0,5,5,5,1,4,0
0,1,0,4,18,3,15,11,15,7,8,1,8,5,3,2
4,1,2,1,36,22,14,0,14,5,9,6,9,2,7,4
4,3,4,0,33,28,5,1,5,5,0,0,0,0,0,0
2,2,4,2,59,17,42,36,42,34,8,6,8,2,6,0
3,1,3,4,33,2,31,17,31,2,29,28,29,3,26,23
2,1,1,1,27,17,10,9,10,4,6,2,6,0,6,0
4,1,0,2,43,37,6,4,6,0,6,1,6,5,1,1
4,2,1,4,47,11,36,17,36,28,8,5,8,3,5,3
0,2,4,1,81,54,27,7,27,1,26,17,26,14,12,0
0,3,3,1,1,0,1,1,1,0,1,1,1,1,0,0
0,1,0,0,11,7,4,1,4,4,0,0,0,0,0,0
1,0,3,2,52,6,46,31,46,14,32,3,32,9,23,4
0,0,4,1,39,14,25,22,25,2,23,23,23,12,11,9
1,1,1,1,38,12,26,24,26,0,26,16,26,5,21,4
0,0,2,1,12,7,5,1,5,2,3,2,3,2,1,1
0,1,0,1,40,29,11,3,11,0,11,2,11,5,6,3
2,2,0,0,52,11,41,13,41,9,32,11,32,3,29,8
0,0,0,1,47,42,5,5,5,3,2,1,2,2,0,0
4,4,3,4,29,6,23,18,23,20,3,2,3,3,0,0
1,4,0,0,47,4,43,9,43,22,21,11,21,21,0,0
4,3,4,2,33,18,15,11,15,1,14,10,14,12,2,1
1,4,0,3,36,6,30,23,30,19,11,5,11,3,8,7
3,2,1,4,28,23,5,4,5,0,5,2,5,2,3,1
4,4,2,0,10,0,10,4,10,7,3,3,3,3,0,0
0,2,4,3,36,19,17,10,17,8,9,9,9,0,9,3
4,0,3,1,26,18,8,0,8,8,0,0,0,0,0,0
2,4,4,2,42,19,23,9,23,17,6,4,6,3,3,2
2,3,0,2,17,9,8,4,8,1,7,1,7,4,3,3
3,4,0,4,15,6,9,7,9,0,9,5,9,2,7,7
1,0,4,4,42,39,3,0,3,2,1,1,1,1,0,0
0,1,3,1,83,25,58,15,58,41,17,9,17,3,14,2
0,1,0,2,41,34,7,6,7,1,6,0,6,2,4,0
0,1,0,3,26,5,21,2,21,4,17,16,17,7,10,4
3,2,4,2,16,13,3,3,3,2,1,0,1,1,0,0
0,0,4,4,42,16,26,7,26,12,14,8,14,13,1,1
4,2,3,3,17,3,14,14,14,12,2,0,2,2,0,0
1,4,3,2,53,4,49,26,49,42,7,7,7,5,2,2
0,1,1,2,45,11,34,13,34,31,3,1,3,3,0,0
1,0,2,3,45,18,27,9,27,1,26,17,26,0,26,23
3,2,2,1,30,25,5,2,5,0,5,0,5,0,5,0
4,0,0,1,2,1,1,1,1,1,0,0,0,0,0,0
3,0,2,0,46,15,31,24,31,6,25,7,25,5,20,20
0,1,2,0,47,18,29,25,29,5,24,14,24,0,24,24
2,3,0,2,22,2,20,3,20,20,0,0,0,0,0,0
3,3,3,4,6,0,6,3,6,0,6,2,6,5,1,1
2,3,1,1,69,51,18,8,18,8,10,10,10,10,0,0
0,3,4,2,28,7,21,1,21,0,21,5,21,19,2,1
1,1,3,0,21,20,1,0,1,0,1,1,1,0,1,1
2,2,2,0,48,16,32,6,32,5,27,27,27,2,25,21
2,4,4,1,37,19,18,9,18,15,3,1,3,2,1,0
4,0,1,3,47,12,35,33,35,19,16,10,16,4,12,5
0,0,2,2,25,14,11,1,11,8,3,3,3,2,1,1
4,3,0,0,20,10,10,1,10,10,0,0,0,0,0,0
2,0,4,3,22,22,0,0,0,0,0,0,0,0,0,0
1,4,2,4,23,23,0,0,0,0,0,0,0,0,0,0
2,1,3,4,40,24,16,3,16,9,7,7,7,3,4,1
3,0,1,1,26,18,8,5,8,2,6,6,6,4,2,2
2,4,1,2,49,2,47,30,47,30,17,7,17,13,4,4
0,3,0,4,41,35,6,6,6,2,4,4,4,4,0,0
2,1,2,2,52,42,10,8,10,4,6,6,6,3,3,2
4,4,1,0,27,16,11,2,11,5,6,1,6,3,3,0
3,0,3,1,2,2,0,0,0,0,0,0,0,0,0,0
2,4,1,0,8,1,7,4,7,0,7,5,7,1,6,4
1,1,4,2,42,39,3,1,3,2,1,0,1,0,1,0
3,4,4,4,39,2,37,7,37,32,5,4,5,2,3,1
2,0,3,2,13,3,10,0,10,4,6,1,6,0,6,6
3,2,2,3,45,17,28,22,28,12,16,0,16,11,5,3
4,0,1,4,36,7,29,2,29,7,22,7,22,9,13,0
0,0,1,0,30,3,27,8,27,25,2,1,2,1,1,1
3,2,4,4,25,16,9,3,9,9,0,0,0,0,0,0
0,3,4,0,12,5,7,2,7,6,1,1,1,1,0,0
4,2,0,3,28,15,13,0,13,5,8,5,8,6,2,2
4,2,0,0,57,21,36,35,36,14,22,6,22,8,14,0
1,3,4,4,45,33,12,0,12,9,3,2,3,1,2,0
0,4,1,2,15,6,9,5,9,0,9,2,9,8,1,1
3,2,4,0,40,40,0,0,0,0,0,0,0,0,0,0
1,4,2,2,20,3,17,10,17,11,6,5,6,4,2,1
1,0,1,0,40,30,10,0,10,5,5,3,5,2,3,3
0,4,1,2,46,15,31,26,31,26,5,3,5,5,0,0
4,4,1,3,21,18,3,3,3,3,0,0,0,0,0,0
4,4,1,1,53,23,30,19,30,25,5,1,5,3,2,2
1,4,0,0,51,20,31,30,31,2,29,1,29,4,25,22
2,3,4,2,34,27,7,2,7,7,0,0,0,0,0,0
1,4,2,2,3,1,2,1,2,2,0,0,0,0,0,0
1,3,3,0,42,1,41,38,41,25,16,14,16,12,4,0
2,1,2,3,12,5,7,5,7,7,0,0,0,0,0,0
4,4,1,2,36,36,0,0,0,0,0,0,0,0,0,0
4,0,0,3,47,14,33,31,33,12,21,5,21,11,10,1
4,0,4,0,20,11,9,9,9,0,9,5,9,2,7,6
2,3,2,1,1,0,1,1,1,0,1,0,1,0,1,1
3,2,1,4,26,25,1,1,1,0,1,1,1,1,0,0
3,4,3,4,27,25,2,2,2,2,0,0,0,0,0,0
2,4,3,4,75,29,46,3,46,5,41,7,41,4,37,10
1,4,3,3,39,13,26,7,26,12,14,2,14,6,8,8
0,0,2,0,20,1,19,12,19,15,4,1,4,1,3,1
1,2,3,2,36,25,11,3,11,10,1,0,1,1,0,0
3,0,2,1,41,32,9,7,9,2,7,1,7,7,0,0
0,4,4,3,41,17,24,22,24,7,17,2,17,16,1,0
1,1,4,2,25,4,21,21,21,1,20,2,20,8,12,1
1,4,3,1,43,14,29,19,29,6,23,2,23,17,6,4
1,4,4,2,27,5,22,21,22,4,18,14,18,7,11,6
4,0,1,4,28,17,11,4,11,7,4,4,4,4,0,0
1,2,3,2,2,2,0,0,0,0,0,0,0,0,0,0
1,2,3,3,51,9,42,42,42,34,8,2,8,2,6,0
4,4,1,2,6,4,2,1,2,2,0,0,0,0,0,0
0,2,0,4,20,13,7,1,7,7,0,0,0,0,0,0
3,1,3,2,48,27,21,16,21,16,5,5,5,4,1,1
1,4,4,3,15,0,15,9,15,7,8,5,8,8,0,0
4,0,1,3,41,13,28,17,28,23,5,3,5,0,5,0
1,0,4,2,45,17,28,2,28,20,8,0,8,0,8,2
0,3,2,2,27,24,3,2,3,1,2,2,2,0,2,2
4,2,1,1,27,24,3,3,3,2,1,1,1,1,0,0
4,4,0,2,37,29,8,2,8,1,7,1,7,7,0,0
1,0,0,0,22,5,17,5,17,2,15,13,15,12,3,0
0,4,1,0,18,13,5,2,5,5,0,0,0,0,0,0
1,1,4,0,31,23,8,1,8,1,7,2,7,1,6,1
3,2,4,0,20,12,8,7,8,3,5,3,5,0,5,5
0,4,2,3,29,4,25,10,25,9,16,13,16,11,5,5
4,1,1,2,45,16,29,5,29,12,17,6,17,1,16,6
2,0,0,2,16,7,9,6,9,5,4,3,4,3,1,0
1,4,1,0,19,6,13,0,13,1,12,2,12,12,0,0
0,0,3,2,34,34,0,0,0,0,0,0,0,0,0,0
1,4,4,2,7,2,5,1,5,0,5,0,5,0,5,0
0,1,3,4,46,4,42,33,42,0,42,26,42,9,33,7
0,1,1,4,71,56,15,15,15,6,9,6,9,9,0,0
0,1,3,0,60,36,24,19,24,19,5,2,5,1,4,0
3,0,1,3,52,18,34,11,34,31,3,0,3,0,3,3
0,1,3,4,9,8,1,0,1,0,1,1,1,0,1,1
4,3,2,1,54,15,39,10,39,2,37,8,37,11,26,12
3,2,2,4,15,10,5,4,5,2,3,1,3,1,2,2
1,1,2,1,11,7,4,0,4,1,3,1,3,3,0,0
3,2,2,1,38,19,19,0,19,16,3,2,3,1,2,1
2,3,3,2,47,7,40,21,40,5,35,15,35,31,4,2
1,2,1,4,19,14,5,1,5,5,0,0,0,0,0,0
1,2,2,3,67,56,11,3,11,9,2,0,2,1,1,0
1,4,1,0,37,10,27,11,27,25,2,1,2,0,2,0
0,2,1,1,35,0,35,32,35,18,17,14,17,3,14,14
0,4,4,0,15,7,8,5,8,0,8,3,8,6,2,1
1,3,3,3,28,0,28,20,28,24,4,2,4,2,2,1
4,2,1,0,31,15,16,5,16,12,4,3,4,0,4,4
2,2,1,0,24,10,14,13,14,7,7,2,7,5,2,1
2,1,0,1,17,6,11,6,11,11,0,0,0,0,0,0
3,4,1,3,35,9,26,12,26,9,17,1,17,16,1,1
2,1,2,4,57,52,5,2,5,0,5,0,5,3,2,2
1,1,3,0,36,14,22,6,22,12,10,8,10,6,4,0
0,2,4,3,22,2,20,4,20,8,12,2,12,3,9,0
4,3,2,2,14,9,5,4,5,4,1,0,1,0,1,1
0,2,0,4,46,25,21,10,21,10,11,2,11,1,10,1
4,4,3,1,32,22,10,2,10,10,0,0,0,0,0,0
2,3,2,3,18,18,0,0,0,0,0,0,0,0,0,0
1,3,0,1,15,11,4,3,4,0,4,1,4,3,1,1
2,2,1,2,56,36,20,5,20,9,11,10,11,5,6,5
2,1,2,2,60,4,56,20,56,40,16,11,16,12,4,1
4,2,1,2,28,2,26,17,26,23,3,1,3,1,2,0
0,3,1,0,60,0,60,53,60,25,35,7,35,14,21,13
3,3,1,2,75,2,73,47,73,66,7,4,7,0,7,7
2,3,2,0,10,9,1,1,1,1,0,0,0,0,0,0
3,1,1,3,31,25,6,0,6,0,6,6,6,0,6,6
3,2,3,4,34,0,34,2,34,16,18,17,18,10,8,8
4,4,4,2,38,0,38,5,38,3,35,28,35,21,14,2
1,3,4,2,48,2,46,23,46,1,45,7,45,2,43,3
3,0,0,3,59,19,40,5,40,16,24,15,24,20,4,1
0,3,3,3,51,21,30,24,30,23,7,6,7,5,2,0
1,1,4,2,59,52,7,6,7,5,2,1,2,0,2,2
2,3,1,1,58,34,24,6,24,5,19,7,19,1,18,4
3,4,1,1,53,45,8,2,8,7,1,1,1,0,1,0
2,2,4,2,39,13,26,15,26,3,23,3,23,14,9,7
1,2,3,3,45,20,25,13,25,3,22,22,22,6,16,5
2,2,3,1,43,15,28,8,28,5,23,6,23,19,4,2
0,0,4,2,31,12,19,1,19,2,17,16,17,4,13,1
0,4,4,4,13,1,12,8,12,2,10,0,10,4,6,5
3,0,1,2,29,0,29,24,29,12,17,5,17,10,7,4
2,1,4,2,13,12,1,0,1,1,0,0,0,0,0,0
1,4,0,4,15,15,0,0,0,0,0,0,0,0,0,0
1,0,4,4,8,4,4,4,4,0,4,1,4,2,2,1
2,0,3,1,53,4,49,27,49,0,49,31,49,24,25,7
0,0,0,3,20,14,6,6,6,6,0,0,0,0,0,0
1,0,3,2,23,6,17,15,17,13,4,2,4,3,1,1
4,0,2,0,30,26,4,2,4,4,0,0,0,0,0,0
1,0,1,4,52,36,16,13,16,11,5,5,5,5,0,0
0,2,4,2,41,6,35,14,35,9,26,7,26,13,13,8
3,4,3,3,62,54,8,3,8,4,4,0,4,2,2,0
1,3,0,1,39,18,21,9,21,12,9,6,9,5,4,2
2,4,3,3,33,12,21,14,21,1,20,15,20,9,11,11
1,4,3,3,16,16,0,0,0,0,0,0,0,0,0,0
2,2,3,0,55,28,27,18,27,19,8,4,8,1,7,7
2,4,2,2,12,1,11,11,11,11,0,0,0,0,0,0
2,1,0,4,26,5,21,10,21,20,1,0,1,1,0,0
1,4,0,4,47,13,34,25,34,31,3,2,3,1,2,2
1,3,4,0,57,22,35,14,35,23,12,12,12,0,12,8
2,2,3,1,33,12,21,17,21,16,5,2,5,3,2,1
2,2,3,0,45,40,5,2,5,4,1,0,1,0,1,0
2,2,1,2,23,6,17,13,17,8,9,7,9,1,8,4
2,1,1,3,37,35,2,1,2,0,2,1,2,0,2,0
4,0,1,2,29,4,25,3,25,2,23,2,23,9,14,13
0,0,1,2,45,38,7,2,7,7,0,0,0,0,0,0
2,0,0,2,39,19,20,0,20,11,9,6,9,4,5,4
4,1,0,1,56,31,25,15,25,14,11,7,11,11,0,0
1,2,3,0,51,20,31,11,31,27,4,4,4,2,2,2
3,3,4,2,51,30,21,4,21,1,20,4,20,0,20,9
4,0,0,3,44,20,24,22,24,8,16,1,16,4,12,2
3,1,1,1,46,3,43,36,43,20,23,22,23,7,16,0
4,4,2,1,41,8,33,1,33,28,5,5,5,5,0,0
3,3,0,4,22,9,13,2,13,7,6,2,6,1,5,1
2,0,4,3,47,23,24,16,24,24,0,0,0,0,0,0
3,2,2,0,22,21,1,1,1,1,0,0,0,0,0,0
2,4,0,1,52,18,34,28,34,28,6,3,6,2,4,1
1,0,2,1,13,10,3,0,3,0,3,3,3,2,1,1
4,2,3,3,48,13,35,4,35,6,29,22,29,14,15,5
2,2,1,3,36,5,31,12,31,24,7,6,7,6,1,0
3,3,3,2,27,21,6,2,6,2,4,1,4,0,4,1
4,0,2,2,32,14,18,8,18,5,13,9,13,2,11,10
1,3,1,4,14,10,4,1,4,2,2,0,2,1,1,0
1,2,1,2,21,13,8,4,8,2,6,0,6,0,6,1
4,3,2,3,31,20,11,4,11,0,11,9,11,10,1,0
2,1,0,3,35,9,26,0,26,11,15,6,15,12,3,2
0,1,1,1,19,5,14,11,14,0,14,12,14,7,7,3
4,2,1,4,40,14,26,14,26,16,10,10,10,4,6,3
3,0,2,2,58,36,22,21,22,16,6,5,6,0,6,5
0,0,3,3,57,6,51,9,51,28,23,11,23,23,0,0
3,2,1,4,6,1,5,5,5,5,0,0,0,0,0,0
1,4,3,0,34,17,17,3,17,9,8,2,8,0,8,1
2,1,4,0,5,0,5,0,5,1,4,3,4,1,3,2
4,4,2,3,33,8,25,25,25,8,17,15,17,14,3,0
3,2,4,1,23,16,7,3,7,3,4,2,4,0,4,0
1,1,0,2,23,17,6,4,6,4,2,0,2,0,2,1
2,2,1,3,41,40,1,0,1,1,0,0,0,0,0,0
1,3,1,4,55,30,25,11,25,10,15,5,15,13,2,1
4,2,0,0,54,49,5,3,5,4,1,0,1,0,1,1
1,4,2,0,35,26,9,1,9,3,6,6,6,4,2,0
0,3,0,4,21,2,19,14,19,5,14,1,14,2,12,2
4,3,1,3,55,3,52,51,52,35,17,2,17,11,6,3
4,0,2,1,38,37,1,0,1,1,0,0,0,0,0,0
1,2,3,3,17,5,12,2,12,12,0,0,0,0,0,0
0,1,1,1,55,19,36,11,36,5,31,23,31,22,9,4
0,1,0,3,30,22,8,7,8,4,4,3,4,1,3,1
1,2,3,3,70,36,34,32,34,31,3,0,3,1,2,2
4,4,3,4,30,29,1,1,1,0,1,1,1,0,1,0
1,3,1,2,32,31,1,0,1,0,1,1,1,0,1,0
3,3,0,3,36,23,13,11,13,10,3,1,3,2,1,0
4,4,3,0,53,49,4,4,4,3,1,1,1,1,0,0
2,4,0,0,22,14,8,8,8,4,4,3,4,3,1,0
3,4,2,0,31,27,4,3,4,1,3,0,3,2,1,1
0,2,3,2,23,12,11,0,11,8,3,1,3,0,3,1
4,2,4,1,25,0,25,18,25,4,21,7,21,13,8,3
0,2,4,4,41,27,14,0,14,0,14,11,14,13,1,1
0,4,2,2,8,6,2,2,2,1,1,0,1,1,0,0
2,1,1,3,29,6,23,17,23,7,16,12,16,8,8,2
4,3,2,1,44,17,27,10,27,12,15,0,15,4,11,4
3,1,3,0,15,7,8,4,8,7,1,1,1,0,1,1
1,4,2,4,39,38,1,1,1,0,1,0,1,1,0,0
2,1,4,0,35,35,0,0,0,0,0,0,0,0,0,0
3,0,2,1,17,14,3,2,3,2,1,0,1,1,0,0
4,3,0,3,8,2,6,1,6,0,6,0,6,4,2,2
3,4,2,2,25,2,23,5,23,22,1,0,1,1,0,0
1,3,4,3,43,13,30,8,30,10,20,17,20,4,16,2
3,0,2,3,6,6,0,0,0,0,0,0,0,0,0,0
0,3,2,3,29,20,9,7,9,9,0,0,0,0,0,0
3,4,0,1,41,3,38,5,38,1,37,10,37,30,7,3
4,1,3,1,15,6,9,7,9,7,2,0,2,2,0,0
0,2,1,0,32,13,19,6,19,0,19,1,19,6,13,4
1,1,0,1,57,12,45,18,45,27,18,2,18,11,7,2
4,2,2,4,18,3,15,15,15,6,9,5,9,7,2,1
4,2,3,2,14,2,12,1,12,6,6,0,6,2,4,0
0,1,1,1,15,3,12,1,12,1,11,5,11,8,3,1
1,0,2,2,42,20,22,9,22,20,2,2,2,2,0,0
0,1,3,1,42,21,21,20,21,12,9,7,9,8,1,1
4,3,1,0,32,29,3,0,3,1,2,1,2,2,0,0
0,1,2,4,5,5,0,0,0,0,0,0,0,0,0,0
4,4,3,4,34,24,10,7,10,9,1,0,1,0,1,1
2,4,0,3,14,6,8,8,8,0,8,1,8,3,5,1
2,4,3,0,18,13,5,3,5,1,4,4,4,3,1,0
2,4,0,3,17,2,15,7,15,4,11,0,11,6,5,0
2,2,2,0,74,10,64,56,64,18,46,41,46,7,39,32
3,4,2,3,46,36,10,3,10,3,7,1,7,0,7,4
1,0,0,0,60,31,29,4,29,22,7,4,7,3,4,4
4,1,2,2,55,7,48,23,48,39,9,3,9,4,5,2
1,3,3,4,20,12,8,8,8,6,2,1,2,1,1,1
0,0,4,4,62,25,37,5,37,2,35,4,35,20,15,4
0,1,0,3,23,10,13,12,13,3,10,5,10,0,10,2
0,2,0,4,19,12,7,7,7,3,4,2,4,1,3,3
2,1,0,0,25,6,19,18,19,3,16,16,16,11,5,2
0,1,2,2,26,15,11,4,11,7,4,0,4,2,2,0
3,3,1,1,3,2,1,1,1,1,0,0,0,0,0,0
2,4,4,1,23,16,7,7,7,4,3,2,3,2,1,0
4,0,0,2,9,5,4,0,4,3,1,0,1,0,1,1
0,2,0,2,33,4,29,3,29,27,2,2,2,2,0,0
2,1,4,2,1,0,1,0,1,1,0,0,0,0,0,0
3,3,1,4,23,10,13,13,13,7,6,4,6,1,5,4
1,3,4,3,40,20,20,4,20,11,9,2,9,7,2,2
4,3,1,4,17,16,1,1,1,1,0,0,0,0,0,0
2,1,3,1,45,10,35,12,35,9,26,16,26,6,20,7
2,2,3,3,13,2,11,8,11,0,11,8,11,11,0,0
3,0,0,2,35,10,25,3,25,18,7,2,7,3,4,2
0,4,1,1,34,32,2,1,2,2,0,0,0,0,0,0
0,1,3,0,35,20,15,2,15,3,12,3,12,1,11,8
2,2,3,0,30,4,26,2,26,6,20,12,20,14,6,1
1,1,3,4,49,6,43,14,43,33,10,1,10,2,8,1
0,2,2,0,23,16,7,4,7,1,6,0,6,3,3,1
0,3,0,3,36,35,1,0,1,0,1,0,1,1,0,0
2,0,1,2,41,22,19,8,19,13,6,4,6,3,3,3
0,3,2,3,40,4,36,5,36,2,34,22,34,9,25,20
4,1,4,4,51,22,29,27,29,10,19,13,19,19,0,0
2,1,1,0,29,7,22,4,22,15,7,0,7,5,2,1
4,4,1,2,49,28,21,18,21,13,8,3,8,4,4,4
0,2,3,0,42,5,37,27,37,20,17,2,17,16,1,0
3,4,2,1,55,35,20,8,20,4,16,8,16,0,16,3
2,4,3,1,59,6,53,43,53,45,8,2,8,8,0,0
0,3,3,3,35,22,13,12,13,4,9,1,9,5,4,4
0,1,2,2,24,17,7,7,7,0,7,0,7,1,6,2
1,0,0,4,53,6,47,5,47,35,12,9,12,9,3,3
2,0,0,4,17,16,1,1,1,0,1,0,1,1,0,0
1,0,4,4,46,38,8,7,8,3,5,5,5,0,5,0
4,2,2,4,46,27,19,16,19,4,15,3,15,4,11,6
3,2,3,0,21,20,1,1,1,1,0,0,0,0,0,0
0,3,4,3,55,31,24,11,24,4,20,12,20,16,4,3
2,1,0,4,43,12,31,18,31,4,27,20,27,2,25,24
1,3,1,2,22,2,20,9,20,13,7,7,7,2,5,5
0,1,3,1,37,33,4,1,4,3,1,0,1,0,1,1
3,2,2,3,73,3,70,27,70,42,28,1,28,20,8,2
1,1,2,0,14,13,1,0,1,0,1,1,1,0,1,1
3,4,4,4,16,1,15,7,15,4,11,6,11,6,5,0
3,2,3,1,43,16,27,14,27,14,13,3,13,4,9,6
2,3,0,4,46,19,27,26,27,5,22,3,22,1,21,2
2,0,4,0,45,16,29,10,29,24,5,3,5,2,3,0
1,3,2,2,70,26,44,18,44,20,24,7,24,11,13,1
2,1,2,3,31,9,22,22,22,17,5,1,5,1,4,4
4,1,0,2,39,23,16,10,16,8,8,7,8,0,8,3
3,0,1,1,24,21,3,0,3,0,3,3,3,1,2,0
4,2,4,1,47,16,31,6,31,21,10,3,10,8,2,0
4,3,3,2,21,0,21,2,21,18,3,2,3,0,3,1
0,1,1,3,29,23,6,3,6,4,2,2,2,0,2,0
3,1,4,3,19,18,1,0,1,1,0,0,0,0,0,0
0,2,1,2,5,0,5,3,5,4,1,0,1,1,0,0
0,2,1,4,40,17,23,8,23,4,19,1,19,18,1,0
4,4,0,3,26,15,11,1,11,8,3,1,3,0,3,2
4,3,2,4,47,41,6,1,6,6,0,0,0,0,0,0
4,4,3,1,40,33,7,6,7,0,7,4,7,2,5,5
3,3,1,3,34,27,7,3,7,4,3,3,3,2,1,1
0,4,1,3,21,15,6,2,6,2,4,3,4,4,0,0
4,0,3,4,29,19,10,0,10,10,0,0,0,0,0,0
3,3,0,4,26,25,1,1,1,0,1,1,1,0,1,1
1,3,4,1,51,11,40,40,40,36,4,3,4,3,1,1
0,3,2,1,6,0,6,5,6,2,4,2,4,3,1,1
2,0,3,3,44,6,38,7,38,30,8,8,8,1,7,2
4,4,3,4,47,21,26,26,26,19,7,5,7,7,0,0
0,0,2,0,33,33,0,0,0,0,0,0,0,0,0,0
4,0,2,2,22,5,17,12,17,7,10,0,10,0,10,1
0,0,4,4,22,22,0,0,0,0,0,0,0,0,0,0
4,1,4,1,62,59,3,3,3,2,1,1,1,1,0,0
2,4,2,0,64,39,25,3,25,8,17,3,17,7,10,0
2,1,4,0,37,31,6,2,6,5,1,0,1,1,0,0
1,2,4,4,56,18,38,3,38,17,21,5,21,8,13,10
4,2,4,2,53,26,27,17,27,1,26,23,26,19,7,1
4,0,4,0,49,49,0,0,0,0,0,0,0,0,0,0
2,0,2,0,50,35,15,12,15,8,7,3,7,5,2,1
4,2,0,0,46,13,33,22,33,14,19,1,19,10,9,8
2,4,2,3,3,3,0,0,0,0,0,0,0,0,0,0
4,4,4,3,7,1,6,1,6,0,6,5,6,0,6,5
3,2,1,1,44,29,15,3,15,13,2,2,2,2,0,0
0,0,0,2,3,2,1,1,1,1,0,0,0,0,0,0
3,2,0,0,21,7,14,10,14,5,9,8,9,0,9,8
2,2,2,2,20,11,9,4,9,4,5,2,5,3,2,1
1,0,4,4,46,36,10,8,10,3,7,1,7,2,5,2
3,4,4,0,43,19,24,7,24,24,0,0,0,0,0,0
4,0,0,0,11,2,9,9,9,0,9,4,9,4,5,1
3,2,0,4,9,1,8,4,8,7,1,0,1,0,1,0
2,0,0,1,40,13,27,21,27,17,10,2,10,2,8,3
1,3,4,0,1,0,1,0,1,0,1,0,1,0,1,1
3,0,0,3,11,2,9,0,9,1,8,8,8,1,7,6
0,0,0,3,45,10,35,22,35,12,23,13,23,1,22,21
0,2,2,1,7,2,5,1,5,3,2,2,2,0,2,1
0,4,4,2,41,12,29,4,29,28,1,1,1,0,1,0
0,4,0,1,36,12,24,23,24,9,15,0,15,10,5,5
1,1,1,4,23,15,8,0,8,0,8,2,8,3,5,4
1,3,1,1,31,18,13,2,13,7,6,6,6,1,5,3
4,3,3,1,27,13,14,4,14,10,4,3,4,3,1,0
1,0,1,3,14,3,11,2,11,2,9,6,9,2,7,1
1,3,0,3,57,7,50,44,50,18,32,29,32,28,4,4
0,1,2,1,50,17,33,16,33,4,29,24,29,5,24,13
0,1,0,4,61,10,51,39,51,28,23,23,23,4,19,6
3,1,1,4,44,44,0,0,0,0,0,0,0,0,0,0
3,4,0,2,52,23,29,9,29,26,3,2,3,3,0,0
4,2,2,1,27,17,10,3,10,6,4,1,4,3,1,1
0,0,4,1,78,4,74,46,74,64,10,9,10,9,1,1
1,1,2,4,6,2,4,2,4,1,3,3,3,1,2,0
3,0,0,2,28,13,15,4,15,6,9,3,9,3,6,6
1,0,0,1,48,35,13,3,13,12,1,1,1,1,0,0
2,3,0,2,34,8,26,12,26,1,25,18,25,22,3,3
0,0,0,0,12,2,10,2,10,5,5,2,5,0,5,4
3,3,2,1,35,2,33,5,33,4,29,29,29,16,13,11
4,0,3,3,65,65,0,0,0,0,0,0,0,0,0,0
2,3,4,1,20,0,20,17,20,19,1,1,1,1,0,0
0,2,3,4,22,1,21,21,21,2,19,18,19,16,3,0
2,4,4,4,10,3,7,4,7,7,0,0,0,0,0,0
3,1,0,3,43,30,13,1,13,6,7,5,7,0,7,2
1,0,2,1,23,7,16,6,16,12,4,4,4,2,2,2
1,1,4,2,42,2,40,22,40,28,12,2,12,3,9,3
3,1,3,0,24,20,4,2,4,0,4,1,4,4,0,0
3,0,0,4,44,33,11,6,11,1,10,10,10,4,6,4
2,2,3,1,11,7,4,3,4,1,3,3,3,1,2,2
1,4,4,2,27,21,6,5,6,0,6,0,6,6,0,0
3,3,3,3,47,33,14,4,14,7,7,5,7,3,4,1
2,0,3,0,49,13,36,1,36,7,29,22,29,28,1,0
0,2,0,0,54,51,3,1,3,2,1,1,1,0,1,1
0,3,3,0,14,6,8,7,8,1,7,1,7,3,4,2
4,4,1,1,32,5,27,8,27,1,26,22,26,21,5,4
4,0,4,2,6,3,3,3,3,2,1,1,1,0,1,0
4,2,2,0,32,20,12,4,12,10,2,0,2,2,0,0
2,1,4,0,35,8,27,26,27,7,20,9,20,12,8,8
3,3,0,3,19,2,17,2,17,17,0,0,0,0,0,0
3,2,0,4,31,12,19,7,19,18,1,0,1,1,0,0
4,1,2,1,19,15,4,2,4,4,0,0,0,0,0,0
4,3,1,3,46,0,46,31,46,9,37,18,37,27,10,2
4,3,2,3,46,30,16,16,16,2,14,3,14,5,9,9
2,1,4,3,58,54,4,2,4,3,1,1,1,0,1,0
2,3,2,4,12,1,11,8,11,5,6,6,6,3,3,3
3,0,1,1,45,14,31,24,31,5,26,19,26,3,23,7
1,1,3,2,55,20,35,28,35,5,30,18,30,18,12,9
4,4,0,1,28,9,19,11,19,17,2,1,2,0,2,0
4,1,2,1,25,14,11,6,11,10,1,1,1,0,1,1
0,1,3,3,51,17,34,20,34,22,12,9,12,10,2,2
1,1,1,2,29,12,17,12,17,14,3,0,3,1,2,2
1,3,4,2,32,17,15,10,15,15,0,0,0,0,0,0
1,2,0,0,2,0,2,2,2,2,0,0,0,0,0,0
2,1,1,1,19,7,12,5,12,10,2,1,2,0,2,1
2,2,1,3,25,23,2,2,2,0,2,2,2,0,2,1
1,0,2,3,32,13,19,14,19,9,10,4,10,2,8,8
3,1,3,0,56,4,52,34,52,43,9,2,9,3,6,5
2,1,3,2,32,16,16,7,16,2,14,11,14,8,6,4
4,2,2,4,16,9,7,6,7,2,5,0,5,4,1,0
4,2,4,1,55,35,20,6,20,12,8,5,8,1,7,6
0,1,1,0,19,18,1,0,1,1,0,0,0,0,0,0
0,2,1,4,1,0,1,0,1,1,0,0,0,0,0,0
2,0,4,2,46,30,16,11,16,3,13,3,13,1,12,2
4,4,0,3,52,23,29,13,29,0,29,14,29,0,29,9
3,2,4,4,19,1,18,1,18,10,8,8,8,4,4,1
2,1,4,4,18,3,15,8,15,14,1,0,1,0,1,0
3,4,1,2,1,1,0,0,0,0,0,0,0,0,0,0
3,1,4,0,29,27,2,0,2,1,1,1,1,0,1,1
2,2,3,3,75,27,48,27,48,21,27,25,27,22,5,4
3,1,3,2,15,9,6,1,6,0,6,0,6,1,5,4
2,2,0,2,31,11,20,9,20,4,16,11,16,12,4,2
0,2,1,3,24,13,11,3,11,11,0,0,0,0,0,0
2,1,3,4,73,68,5,0,5,5,0,0,0,0,0,0
0,4,1,2,33,25,8,4,8,3,5,5,5,1,4,1
3,0,1,0,0,0,0,0,0,0,0,0,0,0,0,0
2,2,4,3,53,18,35,6,35,1,34,27,34,27,7,1
1,0,1,1,45,3,42,36,42,9,33,21,33,6,27,22
3,2,3,4,44,22,22,12,22,11,11,2,11,2,9,3
3,2,3,0,29,11,18,13,18,3,15,5,15,15,0,0
1,4,2,0,40,22,18,16,18,10,8,2,8,3,5,1
0,1,1,0,13,13,0,0,0,0,0,0,0,0,0,0
2,0,2,1,17,13,4,4,4,1,3,2,3,2,1,1
2,2,4,4,5,0,5,0,5,0,5,1,5,3,2,1
3,0,3,1,47,33,14,11,14,3,11,6,11,4,7,1
4,2,0,4,55,20,35,12,35,33,2,2,2,2,0,0
2,0,1,1,25,9,16,1,16,16,0,0,0,0,0,0
4,4,0,2,42,39,3,1,3,0,3,2,3,1,2,0
1,0,4,4,37,33,4,0,4,0,4,1,4,0,4,3
4,2,1,3,24,3,21,15,21,0,21,7,21,16,5,5
1,3,3,2,36,1,35,5,35,25,10,8,10,8,2,1
0,2,0,2,66,40,26,3,26,7,19,2,19,4,15,7
3,4,0,3,37,24,13,4,13,10,3,0,3,1,2,2
2,1,3,3,65,36,29,14,29,18,11,6,11,0,11,3
4,0,1,3,28,20,8,8,8,1,7,3,7,2,5,3
0,2,0,4,58,2,56,0,56,55,1,1,1,1,0,0
2,1,2,3,31,10,21,20,21,8,13,8,13,3,10,8
3,2,1,4,12,10,2,0,2,2,0,0,0,0,0,0
1,4,2,2,44,35,9,9,9,2,7,2,7,3,4,2
0,4,1,2,6,6,0,0,0,0,0,0,0,0,0,0
3,3,4,4,35,6,29,10,29,21,8,6,8,3,5,5
0,1,4,4,10,5,5,3,5,2,3,2,3,2,1,1
3,2,3,2,54,22,32,1,32,19,13,3,13,10,3,0
2,0,0,0,33,24,9,6,9,5,4,1,4,3,1,0
1,0,3,1,31,24,7,2,7,6,1,0,1,0,1,1
3,3,2,0,54,28,26,26,26,18,8,2,8,1,7,6
2,3,0,0,46,15,31,7,31,17,14,8,14,1,13,12
4,1,0,0,41,9,32,28,32,0,32,21,32,9,23,16
3,0,4,1,13,7,6,1,6,4,2,1,2,1,1,0
4,4,3,0,49,43,6,4,6,4,2,2,2,1,1,1
1,4,2,4,23,12,11,4,11,3,8,1,8,1,7,2
4,1,0,2,30,17,13,4,13,2,11,6,11,3,8,5
4,1,4,0,4,1,3,1,3,0,3,2,3,1,2,2
1,2,2,4,13,6,7,5,7,7,0,0,0,0,0,0
2,1,4,3,22,10,12,9,12,3,9,5,9,3,6,6
2,3,2,1,58,51,7,4,7,5,2,2,2,2,0,0
0,1,1,3,31,0,31,0,31,18,13,0,13,10,3,2
1,1,0,2,27,23,4,1,4,4,0,0,0,0,0,0
1,3,2,2,11,7,4,0,4,2,2,0,2,0,2,1
2,3,1,0,19,7,12,5,12,4,8,8,8,0,8,2
3,3,2,3,49,24,25,11,25,15,10,10,10,10,0,0
3,4,0,0,54,25,29,3,29,26,3,1,3,3,0,0
3,2,2,3,29,5,24,6,24,18,6,5,6,4,2,2
1,1,1,2,19,6,13,3,13,0,13,2,13,10,3,2
0,4,1,2,40,15,25,25,25,12,13,8,13,4,9,1
2,1,3,2,61,56,5,5,5,5,0,0,0,0,0,0
4,1,3,0,36,5,31,9,31,5,26,3,26,9,17,9
2,0,1,1,42,35,7,2,7,2,5,3,5,3,2,1
1,2,1,4,6,4,2,0,2,2,0,0,0,0,0,0
1,1,0,2,11,6,5,3,5,4,1,0,1,0,1,0
0,3,3,2,11,6,5,2,5,5,0,0,0,0,0,0
1,2,3,1,46,31,15,13,15,1,14,5,14,2,12,1
0,0,2,4,30,25,5,3,5,0,5,3,5,3,2,0
3,2,1,0,17,13,4,4,4,4,0,0,0,0,0,0
3,4,2,4,52,45,7,0,7,2,5,0,5,1,4,1
4,3,1,0,3,3,0,0,0,0,0,0,0,0,0,0
1,0,3,1,27,13,14,12,14,0,14,1,14,4,10,8
1,2,1,2,43,17,26,14,26,26,0,0,0,0,0,0
0,2,3,3,20,0,20,2,20,19,1,0,1,0,1,1
3,0,2,0,28,4,24,3,24,20,4,4,4,3,1,1
0,4,1,3,14,7,7,7,7,7,0,0,0,0,0,0
3,2,4,4,26,7,19,15,19,14,5,5,5,1,4,4
2,4,4,0,1,1,0,0,0,0,0,0,0,0,0,0
0,4,2,3,73,47,26,17,26,26,0,0,0,0,0,0
2,0,1,2,39,26,13,6,13,8,5,2,5,3,2,2
3,3,3,0,74,37,37,0,37,14,23,11,23,10,13,6
0,1,3,2,38,4,34,5,34,22,12,4,12,7,5,4
1,0,3,1,34,27,7,0,7,6,1,0,1,1,0,0
1,0,3,0,68,50,18,5,18,10,8,8,8,3,5,5
0,2,3,0,0,0,0,0,0,0,0,0,0,0,0,0
0,4,0,0,55,47,8,8,8,7,1,1,1,0,1,0
4,1,1,4,34,18,16,15,16,10,6,5,6,0,6,2
1,2,3,2,30,14,16,4,16,0,16,3,16,1,15,1
2,0,2,0,50,13,37,0,37,17,20,14,20,6,14,10
1,2,0,3,37,31,6,0,6,1,5,1,5,5,0,0
4,0,3,2,58,5,53,6,53,10,43,33,43,39,4,1
2,2,1,2,21,3,18,15,18,9,9,1,9,7,2,1
2,2,0,2,37,34,3,0,3,2,1,1,1,1,0,0
2,0,3,0,27,20,7,7,7,4,3,3,3,1,2,0
1,4,2,0,27,11,16,12,16,4,12,3,12,6,6,5
4,4,1,2,32,13,19,18,19,6,13,9,13,6,7,0
2,0,1,0,42,19,23,10,23,8,15,5,15,3,12,10
4,0,2,4,41,15,26,2,26,3,23,17,23,6,17,15
1,2,3,3,53,10,43,21,43,25,18,2,18,12,6,0
1,1,1,1,43,37,6,2,6,5,1,0,1,0,1,0
3,3,3,1,52,45,7,0,7,1,6,1,6,3,3,1
3,4,0,4,28,9,19,16,19,8,11,11,11,0,11,3
0,4,2,0,17,13,4,1,4,1,3,1,3,1,2,0
0,4,2,0,27,15,12,9,12,3,9,0,9,3,6,4
0,2,2,4,38,27,11,1,11,10,1,1,1,0,1,0
4,0,4,1,24,23,1,1,1,1,0,0,0,0,0,0
3,1,4,1,8,1,7,2,7,7,0,0,0,0,0,0
0,2,4,0,35,8,27,22,27,5,22,5,22,15,7,0
1,3,1,1,5,2,3,0,3,2,1,0,1,1,0,0
4,4,3,4,31,17,14,8,14,10,4,3,4,2,2,0
4,1,0,2,4,2,2,2,2,1,1,1,1,1,0,0
1,1,3,3,27,5,22,8,22,17,5,0,5,4,1,1
4,3,0,2,20,7,13,4,13,6,7,5,7,1,6,5
2,1,4,4,14,9,5,0,5,5,0,0,0,0,0,0
2,3,2,2,23,13,10,4,10,7,3,1,3,1,2,0
3,0,2,1,39,11,28,14,28,9,19,7,19,11,8,2
0,1,0,3,34,30,4,3,4,1,3,2,3,3,0,0
1,1,1,2,45,27,18,15,18,16,2,0,2,2,0,0
2,0,1,4,23,13,10,5,10,1,9,8,9,6,3,1
2,3,1,2,41,7,34,14,34,12,22,1,22,1,21,8
2,2,3,4,51,34,17,16,17,0,17,1,17,5,12,5
0,3,2,4,42,32,10,7,10,6,4,4,4,1,3,3
4,1,4,0,46,1,45,6,45,11,34,26,34,30,4,3
2,2,3,0,56,54,2,1,2,2,0,0,0,0,0,0
1,4,2,4,62,12,50,36,50,33,17,11,17,4,13,2
4,3,4,3,44,41,3,0,3,3,0,0,0,0,0,0
1,1,1,0,65,26,39,38,39,9,30,22,30,7,23,20
4,4,4,1,37,19,18,17,18,6,12,7,12,5,7,3
0,1,0,4,16,9,7,5,7,7,0,0,0,0,0,0
2,3,3,4,51,29,22,12,22,7,15,4,15,3,12,5
2,1,4,2,46,42,4,0,4,0,4,3,4,4,0,0
1,1,2,3,36,35,1,0,1,0,1,0,1,1,0,0
2,2,0,1,50,28,22,16,22,5,17,14,17,15,2,2
3,1,3,3,56,23,33,11,33,5,28,5,28,24,4,4
4,1,3,2,56,34,22,12,22,9,13,1,13,10,3,0
4,3,1,1,51,16,35,17,35,35,0,0,0,0,0,0
1,2,0,3,24,20,4,4,4,2,2,1,2,1,1,1
1,2,2,1,36,17,19,17,19,9,10,6,10,10,0,0
0,2,2,3,35,21,14,0,14,12,2,2,2,2,0,0
2,4,0,4,26,6,20,17,20,20,0,0,0,0,0,0
3,1,4,1,5,5,0,0,0,0,0,0,0,0,0,0
1,4,2,0,33,20,13,8,13,11,2,1,2,2,0,0
2,1,0,4,17,6,11,1,11,5,6,3,6,2,4,3
1,0,4,4,29,27,2,2,2,1,1,1,1,1,0,0
0,0,1,0,21,14,7,0,7,5,2,1,2,1,1,1
4,2,3,1,55,25,30,6,30,11,19,5,19,19,0,0
0,0,3,2,54,9,45,45,45,39,6,3,6,6,0,0
3,1,1,4,44,15,29,14,29,16,13,2,13,7,6,5
0,1,1,1,75,51,24,5,24,5,19,1,19,6,13,4
1,1,0,2,23,4,19,3,19,0,19,17,19,1,18,14
3,1,3,4,36,17,19,18,19,5,14,0,14,7,7,4
1,1,1,4,11,1,10,7,10,3,7,3,7,2,5,3
2,2,2,1,53,15,38,15,38,29,9,7,9,6,3,3
1,2,0,1,34,10,24,5,24,14,10,1,10,3,7,2
0,4,1,2,45,40,5,3,5,0,5,0,5,4,1,1
0,0,3,1,37,25,12,3,12,5,7,5,7,3,4,0
0,4,3,4,37,9,28,0,28,28,0,0,0,0,0,0
1,4,2,2,70,41,29,24,29,29,0,0,0,0,0,0
1,3,1,0,19,6,13,8,13,10,3,1,3,2,1,1
2,1,2,1,58,29,29,24,29,6,23,2,23,7,16,8
1,1,2,3,46,40,6,3,6,1,5,1,5,5,0,0
1,4,3,1,8,5,3,2,3,2,1,0,1,1,0,0
4,4,3,2,29,8,21,17,21,15,6,1,6,3,3,0
4,3,1,1,35,28,7,3,7,2,5,2,5,4,1,1
0,4,0,0,30,22,8,1,8,3,5,2,5,5,0,0
1,1,3,1,23,19,4,2,4,4,0,0,0,0,0,0
4,1,4,1,36,30,6,5,6,0,6,3,6,2,4,3
0,0,4,1,20,13,7,7,7,5,2,1,2,1,1,1
0,1,1,1,40,15,25,6,25,13,12,7,12,12,0,0
1,1,4,4,46,25,21,8,21,11,10,8,10,4,6,1
3,2,2,0,2,1,1,0,1,0,1,1,1,0,1,0
4,0,4,3,52,40,12,1,12,12,0,0,0,0,0,0
4,0,3,4,30,11,19,10,19,8,11,0,11,2,9,5
0,0,4,1,36,14,22,15,22,21,1,1,1,0,1,1
1,4,4,2,32,3,29,21,29,22,7,5,7,0,7,1
3,2,1,1,24,12,12,4,12,0,12,9,12,9,3,3
0,1,4,1,11,5,6,1,6,4,2,2,2,2,0,0
3,0,0,3,47,23,24,22,24,15,9,7,9,4,5,4
3,2,2,3,44,13,31,0,31,5,26,9,26,0,26,24
0,1,3,4,20,7,13,13,13,1,12,5,12,8,4,4
0,3,1,2,38,36,2,1,2,2,0,0,0,0,0,0
3,0,1,2,54,14,40,19,40,34,6,4,6,4,2,1
1,4,1,0,37,26,11,6,11,1,10,4,10,9,1,0
3,0,1,2,14,8,6,4,6,5,1,0,1,0,1,0
3,0,1,1,50,23,27,2,27,0,27,25,27,15,12,8
4,1,4,0,13,4,9,3,9,9,0,0,0,0,0,0
0,2,4,4,45,36,9,9,9,4,5,1,5,0,5,3
4,1,2,1,39,26,13,13,13,8,5,5,5,1,4,3
4,4,3,4,31,27,4,0,4,2,2,0,2,1,1,1
2,2,2,0,26,12,14,11,14,0,14,6,14,11,3,3
1,4,1,1,32,14,18,3,18,18,0,0,0,0,0,0
4,0,1,3,36,0,36,31,36,15,21,15,21,20,1,0
3,0,0,4,31,6,25,19,25,9,16,4,16,7,9,8
2,0,0,0,13,6,7,4,7,4,3,2,3,0,3,1
1,0,4,1,6,0,6,0,6,6,0,0,0,0,0,0
4,4,3,3,30,11,19,14,19,5,14,9,14,13,1,0
3,0,1,1,54,32,22,14,22,4,18,3,18,9,9,7
3,0,1,0,25,11,14,6,14,8,6,2,6,4,2,0
4,3,1,1,28,7,21,4,21,19,2,1,2,0,2,1
2,1,3,3,38,27,11,3,11,6,5,5,5,0,5,5
4,2,1,3,70,43,27,1,27,15,12,2,12,4,8,2
3,3,0,0,41,34,7,3,7,4,3,2,3,0,3,3
2,3,3,3,38,37,1,0,1,0,1,1,1,0,1,1
2,0,2,3,28,20,8,3,8,7,1,0,1,0,1,0
3,3,4,2,46,12,34,18,34,18,16,8,16,0,16,12
0,0,4,0,18,17,1,1,1,1,0,0,0,0,0,0
3,3,4,1,54,1,53,23,53,36,17,7,17,2,15,12
2,3,1,2,5,0,5,4,5,4,1,0,1,1,0,0
2,2,3,4,9,3,6,6,6,0,6,0,6,3,3,2
1,2,4,1,45,4,41,29,41,13,28,27,28,8,20,8
0,0,3,2,53,31,22,20,22,9,13,1,13,7,6,4
0,4,3,1,52,46,6,2,6,0,6,0,6,4,2,0
3,2,4,2,12,10,2,1,2,1,1,0,1,0,1,0
1,1,0,2,50,11,39,37,39,10,29,26,29,2,27,1
4,1,1,0,28,8,20,17,20,1,19,3,19,3,16,2
1,0,3,4,28,28,0,0,0,0,0,0,0,0,0,0
4,1,2,0,76,33,43,34,43,42,1,1,1,1,0,0
2,4,4,4,21,19,2,0,2,0,2,2,2,1,1,0
3,2,0,0,21,2,19,2,19,5,14,12,14,5,9,4
0,1,0,2,51,44,7,0,7,3,4,0,4,0,4,4
0,4,0,3,13,5,8,2,8,3,5,2,5,0,5,0
1,1,1,4,59,3,56,27,56,30,26,21,26,4,22,22
1,2,1,0,11,11,0,0,0,0,0,0,0,0,0,0
4,0,4,1,62,6,56,39,56,24,32,25,32,31,1,1
0,0,2,4,33,13,20,12,20,0,20,19,20,19,1,1
1,3,4,3,25,8,17,4,17,15,2,0,2,0,2,2
4,1,1,3,15,3,12,5,12,10,2,1,2,0,2,2
4,2,0,1,15,6,9,0,9,8,1,1,1,0,1,1
2,2,3,2,4,0,4,2,4,3,1,0,1,1,0,0
0,4,0,2,57,46,11,8,11,2,9,5,9,8,1,1
1,4,4,4,28,24,4,4,4,3,1,1,1,1,0,0
2,0,1,4,30,11,19,0,19,0,19,0,19,12,7,3
1,3,2,0,29,14,15,2,15,15,0,0,0,0,0,0
2,3,0,2,52,34,18,18,18,9,9,7,9,0,9,5
2,0,2,3,49,44,5,5,5,3,2,1,2,2,0,0
1,1,4,3,13,10,3,0,3,2,1,1,1,1,0,0
3,2,4,0,31,23,8,2,8,3,5,3,5,1,4,1
3,2,0,2,23,8,15,0,15,5,10,5,10,10,0,0
2,3,2,3,25,10,15,13,15,8,7,4,7,1,6,3
4,3,4,3,53,52,1,0,1,1,0,0,0,0,0,0
1,1,4,2,17,9,8,0,8,7,1,0,1,0,1,1
0,1,1,1,43,20,23,5,23,13,10,9,10,9,1,1
0,1,2,0,43,37,6,3,6,4,2,2,2,2,0,0
3,0,2,3,26,0,26,12,26,9,17,17,17,17,0,0
0,0,2,3,35,32,3,2,3,3,0,0,0,0,0,0
2,2,4,2,0,0,0,0,0,0,0,0,0,0,0,0
3,1,0,0,38,21,17,6,17,6,11,11,11,11,0,0
2,3,1,0,32,30,2,0,2,1,1,1,1,1,0,0
4,0,4,2,36,25,11,9,11,7,4,1,4,2,2,2
2,2,2,1,6,3,3,0,3,1,2,2,2,2,0,0
2,0,0,3,20,13,7,0,7,2,5,3,5,1,4,0
1,2,3,3,10,2,8,8,8,8,0,0,0,0,0,0
0,3,3,2,37,36,1,0,1,0,1,0,1,1,0,0
1,2,2,2,20,5,15,15,15,13,2,2,2,0,2,1
1,3,4,4,48,29,19,0,19,1,18,1,18,16,2,1
1,1,3,4,38,9,29,6,29,20,9,2,9,9,0,0
1,2,4,1,44,12,32,21,32,15,17,5,17,15,2,0
3,4,1,0,9,9,0,0,0,0,0,0,0,0,0,0
4,1,0,0,40,6,34,8,34,16,18,5,18,7,11,4
2,4,2,2,27,5,22,15,22,22,0,0,0,0,0,0
4,0,0,0,13,4,9,9,9,4,5,0,5,1,4,4
0,2,2,4,22,15,7,3,7,5,2,1,2,2,0,0
2,2,2,2,11,11,0,0,0,0,0,0,0,0,0,0
0,1,2,1,55,30,25,0,25,10,15,6,15,4,11,4
3,2,0,1,41,19,22,19,22,0,22,2,22,2,20,5
4,0,2,1,31,18,13,11,13,11,2,2,2,0,2,2
2,0,4,4,17,2,15,0,15,2,13,6,13,0,13,3
2,0,1,2,45,20,25,0,25,9,16,8,16,10,6,3
2,4,3,2,22,11,11,4,11,0,11,11,11,1,10,8
3,4,0,0,26,1,25,11,25,23,2,0,2,0,2,1
2,4,4,0,57,51,6,1,6,4,2,2,2,1,1,1
3,2,0,2,13,8,5,4,5,1,4,4,4,0,4,2
3,3,0,1,23,6,17,7,17,13,4,2,4,0,4,2
4,1,4,3,57,29,28,8,28,18,10,9,10,2,8,1
4,2,4,1,14,3,11,11,11,1,10,4,10,10,0,0
2,1,0,0,44,3,41,40,41,17,24,5,24,16,8,5
1,1,2,1,22,11,11,10,11,7,4,1,4,4,0,0
2,0,0,1,47,46,1,1,1,0,1,0,1,0,1,1
0,3,1,0,55,24,31,29,31,0,31,18,31,18,13,4
3,2,3,0,32,15,17,10,17,1,16,13,16,0,16,16
2,1,0,3,40,29,11,11,11,9,2,0,2,1,1,1
0,3,2,4,9,6,3,1,3,0,3,0,3,3,0,0
2,0,1,2,47,45,2,2,2,2,0,0,0,0,0,0
2,1,3,4,73,30,43,32,43,34,9,6,9,5,4,3
3,0,4,2,31,24,7,4,7,3,4,4,4,0,4,0
1,1,1,1,14,5,9,6,9,5,4,0,4,2,2,0
0,4,2,3,1,0,1,1,1,0,1,1,1,1,0,0
2,0,1,4,44,24,20,18,20,10,10,3,10,3,7,1
4,3,2,2,47,39,8,8,8,8,0,0,0,0,0,0
1,3,1,1,39,6,33,9,33,30,3,2,3,0,3,1
4,0,3,2,50,19,31,9,31,0,31,31,31,25,6,6
1,4,1,2,33,32,1,0,1,1,0,0,0,0,0,0
3,2,1,1,34,28,6,5,6,3,3,1,3,0,3,1
1,4,0,1,35,4,31,4,31,13,18,14,18,7,11,0
2,3,0,3,15,8,7,2,7,1,6,6,6,2,4,1
1,1,2,0,45,29,16,3,16,1,15,8,15,14,1,1
1,3,3,3,18,6,12,10,12,6,6,2,6,3,3,1
3,0,4,0,35,21,14,11,14,12,2,2,2,1,1,1
1,0,2,2,42,15,27,26,27,27,0,0,0,0,0,0
2,4,4,3,19,2,17,13,17,16,1,1,1,1,0,0
4,0,2,3,39,35,4,1,4,0,4,1,4,0,4,2
3,2,0,2,58,53,5,2,5,4,1,1,1,0,1,0
0,2,1,4,23,4,19,14,19,18,1,1,1,1,0,0
1,3,1,0,14,10,4,0,4,3,1,0,1,0,1,1
1,4,3,2,61,26,35,35,35,26,9,6,9,2,7,2
2,4,4,2,24,23,1,1,1,1,0,0,0,0,0,0
4,1,4,4,11,10,1,0,1,1,0,0,0,0,0,0
1,2,2,2,6,6,0,0,0,0,0,0,0,0,0,0
4,2,4,0,53,10,43,22,43,29,14,13,14,0,14,14
2,1,2,2,32,3,29,4,29,8,21,3,21,5,16,15
3,2,2,0,36,20,16,16,16,13,3,3,3,0,3,0
1,0,2,1,0,0,0,0,0,0,0,0,0,0,0,0
2,4,4,0,22,20,2,0,2,1,1,1,1,0,1,0
3,2,1,3,12,4,8,4,8,0,8,4,8,6,2,1
4,3,0,0,1,0,1,1,1,0,1,1,1,1,0,0
3,0,2,0,70,54,16,0,16,4,12,4,12,2,10,9
3,4,0,3,55,14,41,37,41,20,21,17,21,8,13,6
1,2,0,2,33,3,30,28,30,29,1,0,1,0,1,0
4,0,3,3,22,14,8,4,8,2,6,3,6,1,5,5
3,3,3,0,21,9,12,8,12,5,7,2,7,5,2,1
0,0,0,3,1,1,0,0,0,0,0,0,0,0,0,0
3,3,4,2,25,23,2,1,2,2,0,0,0,0,0,0
1,0,2,3,11,2,9,8,9,7,2,0,2,2,0,0
3,3,1,3,4,0,4,3,4,2,2,1,2,0,2,1
4,4,3,0,29,23,6,5,6,6,0,0,0,0,0,0
2,2,1,0,18,12,6,5,6,6,0,0,0,0,0,0
0,2,3,4,39,36,3,2,3,2,1,1,1,1,0,0
0,2,0,1,10,5,5,1,5,4,1,1,1,0,1,1
3,2,4,1,12,2,10,5,10,9,1,1,1,0,1,1
4,2,0,0,27,25,2,0,2,2,0,0,0,0,0,0
0,4,0,0,15,4,11,11,11,5,6,0,6,2,4,3
0,1,0,2,45,34,11,0,11,2,9,9,9,8,1,0
0,2,0,1,58,21,37,24,37,2,35,0,35,14,21,16
1,1,0,4,4,2,2,1,2,2,0,0,0,0,0,0
3,0,4,1,16,2,14,4,14,1,13,12,13,3,10,5
2,2,1,0,29,17,12,1,12,5,7,3,7,2,5,3
3,1,0,1,25,2,23,16,23,15,8,4,8,4,4,3
2,1,3,4,57,51,6,2,6,6,0,0,0,0,0,0
3,0,0,2,46,30,16,13,16,11,5,0,5,5,0,0
2,3,2,4,7,1,6,4,6,3,3,2,3,3,0,0
4,4,3,4,55,21,34,11,34,28,6,2,6,4,2,0
2,4,0,4,58,40,18,12,18,13,5,4,5,5,0,0
2,0,2,0,20,2,18,10,18,1,17,5,17,4,13,12
2,3,3,4,36,19,17,1,17,13,4,1,4,4,0,0
4,4,0,1,43,21,22,1,22,4,18,6,18,0,18,5
0,2,4,3,11,4,7,5,7,4,3,2,3,1,2,2
2,1,3,4,36,32,4,4,4,0,4,1,4,1,3,2
1,3,1,4,29,3,26,21,26,18,8,1,8,6,2,1
1,0,1,2,23,18,5,4,5,1,4,0,4,3,1,0
4,2,4,4,18,17,1,1,1,0,1,0,1,0,1,0
1,4,0,2,42,13,29,9,29,4,25,13,25,5,20,5
4,4,1,1,39,35,4,3,4,1,3,3,3,2,1,0
0,2,0,3,33,19,14,6,14,11,3,1,3,3,0,0
0,2,3,0,29,25,4,3,4,0,4,3,4,0,4,3
1,4,3,2,20,17,3,0,3,2,1,0,1,1,0,0
1,4,3,4,46,45,1,1,1,0,1,1,1,0,1,1
0,2,2,2,23,20,3,2,3,0,3,2,3,1,2,0
2,1,4,3,19,1,18,14,18,5,13,0,13,13,0,0
3,0,3,0,52,48,4,4,4,4,0,0,0,0,0,0
3,3,1,4,43,38,5,2,5,1,4,2,4,3,1,0
3,4,0,0,9,6,3,2,3,0,3,2,3,0,3,1
2,1,0,3,15,11,4,0,4,3,1,1,1,0,1,0
1,1,0,2,32,22,10,4,10,6,4,0,4,4,0,0
3,1,3,3,54,41,13,7,13,13,0,0,0,0,0,0
0,0,0,4,16,1,15,5,15,5,10,9,10,0,10,1
4,2,4,1,47,31,16,4,16,12,4,3,4,1,3,3
2,4,1,4,1,1,0,0,0,0,0,0,0,0,0,0
4,2,4,1,22,6,16,15,16,10,6,4,6,2,4,4
0,0,4,2,29,20,9,7,9,5,4,4,4,3,1,0
0,0,2,3,43,1,42,18,42,29,13,2,13,2,11,8
3,4,2,1,59,36,23,22,23,9,14,9,14,11,3,3
2,4,2,4,25,3,22,0,22,7,15,2,15,8,7,0
4,4,4,3,30,8,22,1,22,7,15,13,15,15,0,0
1,1,1,4,7,1,6,6,6,0,6,3,6,2,4,1
0,4,3,2,34,13,21,15,21,16,5,4,5,2,3,1
2,3,1,3,35,18,17,10,17,10,7,6,7,7,0,0
0,1,3,2,1,1,0,0,0,0,0,0,0,0,0,0
3,2,0,0,79,26,53,21,53,46,7,3,7,4,3,0
3,4,1,3,30,6,24,13,24,22,2,2,2,1,1,0
3,4,4,2,19,19,0,0,0,0,0,0,0,0,0,0
2,1,2,4,46,28,18,12,18,5,13,4,13,11,2,0
0,3,4,0,25,1,24,3,24,9,15,14,15,5,10,3
3,4,4,3,56,49,7,1,7,6,1,1,1,1,0,0
1,2,2,4,8,5,3,2,3,2,1,1,1,0,1,1
1,0,2,2,14,11,3,2,3,1,2,0,2,1,1,0
3,2,4,0,16,0,16,4,16,7,9,7,9,6,3,1
4,4,1,0,26,8,18,6,18,15,3,3,3,0,3,3
4,0,2,1,20,0,20,15,20,7,13,0,13,1,12,7
3,2,4,2,23,14,9,3,9,0,9,6,9,9,0,0
2,4,1,2,7,4,3,1,3,1,2,1,2,2,0,0
3,4,3,1,22,11,11,9,11,8,3,1,3,3,0,0
2,0,4,4,1,0,1,1,1,0,1,1,1,1,0,0
2,3,3,4,60,9,51,22,51,43,8,1,8,6,2,0
4,4,0,1,4,0,4,0,4,3,1,0,1,0,1,1
4,0,3,2,58,22,36,19,36,19,17,17,17,13,4,2
4,3,1,1,72,54,18,13,18,14,4,1,4,2,2,2
0,0,0,1,68,26,42,41,42,25,17,6,17,12,5,2
0,4,3,0,5,1,4,1,4,4,0,0,0,0,0,0
3,2,4,1,2,2,0,0,0,0,0,0,0,0,0,0
4,2,4,1,38,35,3,0,3,1,2,0,2,0,2,2
2,4,1,3,5,3,2,2,2,2,0,0,0,0,0,0
0,1,4,3,0,0,0,0,0,0,0,0,0,0,0,0
0,3,4,3,12,5,7,4,7,1,6,1,6,4,2,2
3,2,0,1,41,1,40,36,40,23,17,2,17,7,10,9
1,3,0,3,4,3,1,1,1,0,1,0,1,1,0,0
3,3,2,1,14,1,13,4,13,5,8,7,8,6,2,1
0,2,4,4,38,32,6,5,6,0,6,4,6,2,4,3
2,3,4,0,55,15,40,27,40,18,22,7,22,20,2,1
4,3,2,4,43,29,14,11,14,4,10,7,10,8,2,0
1,2,0,2,50,46,4,3,4,1,3,1,3,1,2,2
4,4,1,3,47,4,43,35,43,27,16,13,16,16,0,0
4,3,4,4,24,1,23,7,23,6,17,7,17,9,8,6
0,4,0,0,19,13,6,1,6,2,4,3,4,3,1,1
3,4,0,3,4,1,3,2,3,1,2,2,2,2,0,0
3,2,1,1,20,11,9,5,9,4,5,5,5,5,0,0
1,2,3,2,34,1,33,19,33,0,33,7,33,0,33,30
3,2,2,3,20,1,19,6,19,17,2,0,2,2,0,0
4,1,0,1,4,4,0,0,0,0,0,0,0,0,0,0
2,2,4,4,69,55,14,7,14,7,7,2,7,6,1,1
1,2,4,4,43,10,33,4,33,13,20,15,20,8,12,10
3,2,0,4,39,38,1,1,1,1,0,0,0,0,0,0
4,3,0,1,17,11,6,0,6,3,3,0,3,0,3,1
1,4,1,0,18,8,10,0,10,2,8,1,8,2,6,3
3,4,4,4,57,51,6,2,6,3,3,1,3,3,0,0
1,0,0,1,13,3,10,0,10,10,0,0,0,0,0,0
4,3,4,2,22,0,22,9,22,8,14,13,14,12,2,2
4,2,2,0,45,39,6,4,6,0,6,4,6,2,4,3
4,2,4,0,33,17,16,2,16,10,6,2,6,5,1,1
4,1,2,3,27,18,9,5,9,8,1,1,1,1,0,0
4,2,4,4,0,0,0,0,0,0,0,0,0,0,0,0
2,4,3,0,45,43,2,2,2,0,2,2,2,2,0,0
3,4,3,1,37,25,12,9,12,2,10,3,10,4,6,2
3,0,3,2,60,30,30,19,30,15,15,7,15,13,2,1
0,1,3,0,41,13,28,5,28,17,11,1,11,8,3,0
1,2,4,0,46,2,44,28,44,30,14,9,14,11,3,3
0,0,4,4,51,45,6,5,6,0,6,6,6,6,0,0
0,1,0,4,29,15,14,12,14,2,12,9,12,12,0,0
0,1,2,2,55,35,20,1,20,7,13,5,13,13,0,0
2,3,0,2,16,8,8,4,8,4,4,1,4,1,3,2
4,4,1,0,57,17,40,39,40,32,8,8,8,5,3,2
0,1,4,2,2,1,1,0,1,1,0,0,0,0,0,0
4,2,4,1,27,5,22,14,22,18,4,1,4,3,1,1
2,4,0,2,40,1,39,4,39,6,33,20,33,32,1,0
2,2,0,1,59,7,52,33,52,1,51,44,51,29,22,17
4,4,0,1,38,22,16,7,16,14,2,1,2,0,2,2
1,2,0,3,68,60,8,8,8,2,6,4,6,6,0,0
4,2,0,0,43,23,20,15,20,18,2,1,2,2,0,0
4,0,2,3,47,35,12,3,12,3,9,6,9,6,3,3
4,4,4,0,23,7,16,13,16,13,3,1,3,2,1,1
0,4,3,0,9,8,1,1,1,1,0,0,0,0,0,0
4,4,0,3,27,7,20,16,20,13,7,5,7,7,0,0
2,1,2,1,34,24,10,6,10,10,0,0,0,0,0,0
4,2,0,4,49,40,9,7,9,4,5,4,5,5,0,0
2,1,1,2,41,30,11,0,11,0,11,7,11,10,1,1
3,4,2,1,25,17,8,7,8,2,6,0,6,4,2,0
0,3,0,0,17,5,12,6,12,1,11,6,11,10,1,0
0,2,0,0,42,10,32,30,32,8,24,11,24,18,6,3
1,0,3,4,37,4,33,2,33,20,13,1,13,6,7,0
0,3,0,1,32,21,11,4,11,11,0,0,0,0,0,0
1,4,3,0,34,31,3,1,3,2,1,1,1,0,1,0
3,4,2,4,1,0,1,1,1,1,0,0,0,0,0,0
2,4,0,3,17,12,5,4,5,1,4,1,4,4,0,0
3,4,4,2,58,22,36,25,36,11,25,18,25,4,21,18
1,3,2,1,7,5,2,1,2,0,2,0,2,0,2,0
1,2,4,0,34,23,11,7,11,9,2,2,2,0,2,0
3,0,1,1,22,9,13,8,13,9,4,4,4,2,2,1
0,3,1,4,29,20,9,3,9,2,7,6,7,0,7,5
4,4,2,3,20,18,2,2,2,0,2,2,2,0,2,2
2,0,0,2,0,0,0,0,0,0,0,0,0,0,0,0
2,2,4,4,22,17,5,4,5,4,1,0,1,1,0,0
0,2,0,0,15,2,13,6,13,6,7,1,7,1,6,3
3,4,0,3,50,13,37,21,37,33,4,3,4,3,1,1
3,4,1,2,3,0,3,2,3,3,0,0,0,0,0,0
4,2,3,2,22,12,10,9,10,5,5,2,5,0,5,1
2,1,4,3,25,10,15,11,15,13,2,1,2,0,2,2
1,0,3,0,12,5,7,1,7,6,1,1,1,1,0,0
3,2,4,0,35,20,15,0,15,5,10,3,10,2,8,5
3,0,2,4,8,8,0,0,0,0,0,0,0,0,0,0
0,1,0,3,27,20,7,5,7,3,4,0,4,1,3,2
4,1,4,3,33,3,30,13,30,27,3,0,3,1,2,2
3,3,0,0,28,26,2,1,2,2,0,0,0,0,0,0
3,2,0,1,25,11,14,7,14,8,6,1,6,5,1,1
2,4,0,2,43,38,5,1,5,3,2,2,2,2,0,0
0,2,4,2,33,31,2,0,2,2,0,0,0,0,0,0
0,1,1,2,32,8,24,21,24,21,3,1,3,2,1,1
3,0,0,4,1,1,0,0,0,0,0,0,0,0,0,0
4,0,4,1,14,9,5,1,5,5,0,0,0,0,0,0
0,3,4,3,34,19,15,8,15,14,1,1,1,0,1,0
2,2,0,1,43,19,24,24,24,14,10,10,10,2,8,5
0,2,1,1,19,9,10,8,10,9,1,0,1,0,1,0
1,0,2,0,29,21,8,1,8,7,1,0,1,0,1,0
2,2,0,0,17,1,16,16,16,1,15,12,15,6,9,6
4,1,1,0,39,0,39,34,39,25,14,6,14,13,1,1
3,0,1,1,53,20,33,7,33,18,15,3,15,4,11,10
4,4,4,3,13,2,11,3,11,4,7,2,7,2,5,4
3,0,4,4,22,21,1,0,1,1,0,0,0,0,0,0
1,1,4,1,15,12,3,3,3,0,3,2,3,0,3,1
0,3,2,4,1,1,0,0,0,0,0,0,0,0,0,0
1,3,0,4,26,10,16,1,16,1,15,1,15,14,1,0
3,4,0,0,32,18,14,11,14,3,11,4,11,5,6,5
2,1,0,3,28,6,22,19,22,2,20,1,20,5,15,12
0,2,0,4,37,15,22,0,22,13,9,4,9,3,6,3
2,3,2,0,39,17,22,5,22,13,9,7,9,7,2,0
1,1,2,4,28,2,26,17,26,2,24,23,24,18,6,4
4,3,4,1,30,2,28,10,28,24,4,1,4,4,0,0
4,0,1,4,5,1,4,4,4,4,0,0,0,0,0,0
3,4,2,2,25,9,16,9,16,15,1,1,1,0,1,1
4,0,3,3,25,20,5,5,5,5,0,0,0,0,0,0
1,4,0,2,35,30,5,0,5,3,2,1,2,0,2,2
3,4,4,0,28,9,19,7,19,5,14,1,14,6,8,2
4,2,1,2,10,0,10,9,10,4,6,3,6,6,0,0
3,2,4,2,3,3,0,0,0,0,0,0,0,0,0,0
4,4,4,4,57,55,2,1,2,0,2,2,2,2,0,0
4,4,0,3,43,31,12,12,12,6,6,1,6,6,0,0
0,3,2,4,74,11,63,10,63,13,50,37,50,42,8,6
0,3,1,0,42,28,14,2,14,11,3,1,3,3,0,0
4,0,1,3,31,12,19,8,19,6,13,1,13,13,0,0
1,3,3,2,51,15,36,34,36,29,7,5,7,5,2,2
2,0,4,4,35,7,28,2,28,5,23,20,23,5,18,9
3,0,2,3,20,13,7,1,7,2,5,5,5,3,2,0
2,4,3,0,18,5,13,1,13,5,8,6,8,6,2,1
1,2,2,3,14,11,3,3,3,1,2,0,2,1,1,0
4,0,1,4,17,11,6,6,6,6,0,0,0,0,0,0
1,0,0,3,41,38,3,3,3,2,1,1,1,1,0,0
0,0,3,0,25,19,6,4,6,3,3,3,3,0,3,0
3,4,3,0,13,13,0,0,0,0,0,0,0,0,0,0
2,3,4,0,56,7,49,40,49,39,10,1,10,7,3,1
3,2,0,4,74,39,35,20,35,7,28,24,28,1,27,6
3,3,0,2,37,1,36,15,36,4,32,2,32,10,22,3
1,1,0,1,55,51,4,2,4,1,3,3,3,1,2,1
3,1,3,0,13,12,1,1,1,0,1,0,1,1,0,0
2,0,1,0,13,7,6,1,6,2,4,1,4,3,1,0
2,4,3,3,32,19,13,4,13,6,7,7,7,5,2,2
0,0,1,0,13,12,1,1,1,1,0,0,0,0,0,0
0,4,1,3,48,7,41,13,41,27,14,4,14,13,1,1
4,4,4,1,49,9,40,3,40,5,35,10,35,5,30,6
2,3,4,2,0,0,0,0,0,0,0,0,0,0,0,0
2,0,1,0,24,17,7,6,7,1,6,2,6,5,1,0
4,2,0,4,25,15,10,2,10,5,5,5,5,5,0,0
0,4,1,1,35,20,15,5,15,10,5,5,5,5,0,0
4,3,0,0,16,2,14,11,14,13,1,1,1,1,0,0
0,2,2,4,64,2,62,31,62,29,33,16,33,15,18,13
1,3,3,2,31,8,23,18,23,10,13,8,13,12,1,0
1,0,1,0,15,4,11,6,11,2,9,3,9,4,5,4
0,4,4,1,27,5,22,20,22,20,2,2,2,0,2,2
3,1,3,3,36,31,5,5,5,4,1,0,1,1,0,0
3,3,1,0,54,7,47,18,47,18,29,20,29,17,12,9
3,3,4,4,14,11,3,3,3,0,3,2,3,2,1,1
3,4,1,0,42,0,42,9,42,23,19,17,19,1,18,8
4,2,4,2,49,10,39,4,39,10,29,1,29,15,14,7
0,3,4,2,58,15,43,29,43,39,4,0,4,2,2,0
4,4,4,2,51,3,48,2,48,0,48,22,48,28,20,1
1,0,4,0,16,15,1,0,1,0,1,0,1,0,1,1
0,4,3,3,12,3,9,7,9,4,5,4,5,4,1,0
3,0,2,1,14,6,8,2,8,2,6,4,6,3,3,0
0,1,4,4,21,7,14,9,14,1,13,6,13,13,0,0
4,0,3,4,49,2,47,6,47,33,14,0,14,8,6,4
2,3,4,1,50,14,36,6,36,8,28,12,28,24,4,1
4,4,2,3,31,12,19,11,19,12,7,0,7,4,3,0
3,2,2,3,33,3,30,4,30,26,4,0,4,4,0,0
4,4,2,4,15,10,5,5,5,2,3,2,3,3,0,0
4,2,3,3,19,17,2,2,2,0,2,0,2,1,1,0
4,4,0,0,45,26,19,15,19,18,1,0,1,0,1,1
2,1,3,4,8,1,7,3,7,6,1,1,1,1,0,0
3,0,1,1,39,18,21,0,21,17,4,0,4,1,3,3
0,2,3,1,62,47,15,14,15,2,13,3,13,10,3,3
2,1,2,3,24,9,15,14,15,4,11,9,11,3,8,0
2,3,0,4,8,3,5,4,5,3,2,0,2,1,1,1
2,1,4,1,13,12,1,1,1,1,0,0,0,0,0,0
4,0,4,4,49,5,44,15,44,13,31,13,31,9,22,20
2,2,2,3,36,31,5,2,5,1,4,3,4,4,0,0
1,4,0,3,24,7,17,9,17,14,3,0,3,2,1,1
0,3,2,3,22,12,10,9,10,5,5,0,5,3,2,1
2,1,2,1,28,22,6,5,6,5,1,1,1,1,0,0
3,4,1,3,2,2,0,0,0,0,0,0,0,0,0,0
0,0,2,2,7,6,1,0,1,1,0,0,0,0,0,0
1,0,3,4,24,21,3,2,3,3,0,0,0,0,0,0
4,1,2,3,36,0,36,36,36,12,24,0,24,18,6,5
2,1,0,2,53,21,32,1,32,14,18,14,18,10,8,2
2,3,4,1,22,21,1,0,1,0,1,1,1,1,0,0
3,1,4,4,45,43,2,2,2,2,0,0,0,0,0,0
4,4,1,1,36,0,36,16,36,13,23,1,23,0,23,2
4,4,2,2,35,10,25,7,25,2,23,18,23,20,3,0
4,1,0,1,14,9,5,2,5,2,3,2,3,1,2,0
1,1,2,4,3,0,3,2,3,3,0,0,0,0,0,0
2,0,3,4,31,9,22,1,22,9,13,11,13,4,9,8
3,4,2,2,19,3,16,14,16,11,5,0,5,4,1,0
1,1,0,2,2,0,2,2,2,0,2,2,2,1,1,0
0,3,0,3,58,6,52,31,52,14,38,26,38,25,13,10
2,3,2,4,36,29,7,1,7,2,5,1,5,0,5,1
1,2,2,0,20,1,19,16,19,3,16,0,16,5,11,11
1,1,1,2,13,11,2,1,2,0,2,2,2,0,2,1
2,1,4,1,51,45,6,1,6,1,5,4,5,0,5,1
1,0,4,1,38,9,29,20,29,29,0,0,0,0,0,0
1,0,1,0,30,1,29,3,29,11,18,17,18,15,3,0
2,1,0,0,45,11,34,31,34,27,7,6,7,7,0,0
3,1,2,1,77,0,77,18,77,70,7,2,7,5,2,0
3,3,2,4,55,43,12,8,12,10,2,2,2,2,0,0
2,1,2,0,28,4,24,8,24,0,24,6,24,0,24,24
2,3,4,4,51,11,40,16,40,25,15,6,15,3,12,12
2,3,0,2,43,42,1,1,1,0,1,0,1,0,1,0
2,3,4,4,40,8,32,13,32,24,8,7,8,1,7,3
4,0,3,1,37,33,4,4,4,0,4,3,4,2,2,0
1,4,1,0,19,18,1,1,1,1,0,0,0,0,0,0
3,3,1,1,46,4,42,10,42,8,34,27,34,25,9,8
3,0,4,4,35,22,13,11,13,9,4,4,4,1,3,0
3,3,0,4,48,20,28,12,28,8,20,13,20,1,19,1
0,3,2,3,46,23,23,14,23,2,21,1,21,21,0,0
0,3,3,1,27,24,3,1,3,0,3,2,3,1,2,1
3,1,1,3,22,14,8,7,8,2,6,2,6,5,1,0
0,4,0,2,39,0,39,8,39,11,28,0,28,7,21,18
1,0,1,0,19,0,19,8,19,11,8,3,8,3,5,1
0,3,2,4,1,0,1,0,1,1,0,0,0,0,0,0
1,3,4,3,30,11,19,4,19,1,18,16,18,12,6,2
2,4,1,0,42,25,17,15,17,11,6,3,6,2,4,2
0,1,3,1,7,5,2,0,2,2,0,0,0,0,0,0
3,4,3,2,37,8,29,17,29,19,10,9,10,4,6,5
1,2,3,3,61,40,21,16,21,13,8,6,8,7,1,1
3,0,1,4,15,15,0,0,0,0,0,0,0,0,0,0
0,2,0,2,8,0,8,4,8,8,0,0,0,0,0,0
0,0,1,2,9,9,0,0,0,0,0,0,0,0,0,0
3,0,3,3,30,10,20,7,20,19,1,1,1,1,0,0
1,2,1,2,25,22,3,2,3,0,3,0,3,1,2,1
4,0,0,0,11,11,0,0,0,0,0,0,0,0,0,0
2,1,3,3,36,20,16,16,16,15,1,1,1,1,0,0
0,0,1,1,18,5,13,2,13,7,6,0,6,2,4,4
0,3,3,4,11,1,10,3,10,7,3,1,3,3,0,0
1,4,1,2,16,7,9,1,9,0,9,5,9,3,6,0
4,3,2,3,25,17,8,6,8,3,5,1,5,1,4,2
4,0,0,1,18,12,6,3,6,1,5,2,5,4,1,1
3,0,4,3,41,0,41,17,41,15,26,26,26,23,3,3
4,1,4,3,18,4,14,1,14,13,1,0,1,1,0,0
3,0,0,1,44,44,0,0,0,0,0,0,0,0,0,0
2,2,1,2,82,78,4,4,4,3,1,1,1,1,0,0
0,2,4,1,12,9,3,3,3,2,1,1,1,0,1,1
3,4,0,2,40,5,35,26,35,12,23,2,23,17,6,0
0,2,4,1,19,12,7,4,7,2,5,4,5,2,3,2
3,0,2,4,46,20,26,5,26,21,5,1,5,1,4,2
1,4,0,2,22,7,15,6,15,8,7,3,7,0,7,5
2,2,3,1,22,1,21,9,21,0,21,18,21,0,21,20
3,2,4,3,1,1,0,0,0,0,0,0,0,0,0,0
0,1,4,1,29,9,20,7,20,0,20,14,20,3,17,17
0,0,1,2,0,0,0,0,0,0,0,0,0,0,0,0
4,2,4,3,16,1,15,15,15,0,15,14,15,15,0,0
3,4,3,4,70,50,20,4,20,2,18,6,18,13,5,0
0,2,4,0,41,10,31,29,31,23,8,5,8,3,5,0
4,1,4,3,25,21,4,4,4,0,4,3,4,4,0,0
3,4,0,2,24,5,19,17,19,7,12,4,12,11,1,0
3,4,3,3,3,1,2,0,2,1,1,0,1,1,0,0
1,3,3,3,50,34,16,3,16,14,2,1,2,0,2,0
3,0,2,3,8,2,6,4,6,6,0,0,0,0,0,0
1,0,3,3,32,2,30,9,30,7,23,14,23,20,3,3
4,0,0,4,49,35,14,4,14,9,5,2,5,0,5,1
1,4,0,2,29,4,25,19,25,14,11,1,11,8,3,3
4,1,1,2,41,35,6,6,6,6,0,0,0,0,0,0
4,0,0,1,4,3,1,0,1,1,0,0,0,0,0,0
3,1,2,4,34,34,0,0,0,0,0,0,0,0,0,0
4,0,1,3,46,4,42,5,42,29,13,0,13,4,9,3
4,0,4,3,17,6,11,10,11,0,11,5,11,3,8,6
3,3,0,0,32,29,3,2,3,3,0,0,0,0,0,0
2,3,2,3,14,10,4,1,4,2,2,2,2,0,2,0
0,4,3,3,7,3,4,0,4,0,4,2,4,0,4,2
3,1,1,2,28,2,26,4,26,11,15,5,15,14,1,1
1,2,3,4,60,56,4,4,4,2,2,1,2,0,2,0
3,3,3,4,81,35,46,45,46,31,15,4,15,9,6,1
1,1,3,4,5,4,1,1,1,1,0,0,0,0,0,0
0,2,2,1,22,11,11,10,11,3,8,2,8,0,8,8
1,0,3,3,17,8,9,9,9,5,4,1,4,4,0,0
0,4,0,1,64,14,50,8,50,11,39,37,39,38,1,1
3,2,3,4,45,34,11,8,11,8,3,2,3,2,1,1
3,4,2,0,39,23,16,1,16,16,0,0,0,0,0,0
4,1,0,2,12,8,4,2,4,3,1,0,1,1,0,0
0,2,3,3,62,16,46,16,46,23,23,21,23,10,13,1
0,3,1,3,29,18,11,8,11,7,4,4,4,2,2,1
2,1,3,2,7,0,7,5,7,1,6,2,6,6,0,0
3,4,2,4,42,25,17,6,17,14,3,3,3,3,0,0
0,0,2,2,55,27,28,0,28,14,14,1,14,11,3,3
3,2,1,4,18,7,11,2,11,5,6,4,6,3,3,0
4,1,1,3,7,5,2,1,2,2,0,0,0,0,0,0
1,4,4,3,13,1,12,6,12,1,11,1,11,0,11,5
4,4,4,4,63,15,48,6,48,46,2,2,2,2,0,0
3,4,1,1,28,8,20,12,20,19,1,1,1,0,1,0
4,3,4,2,28,19,9,9,9,2,7,2,7,6,1,0
4,3,4,4,17,5,12,6,12,10,2,1,2,1,1,1
2,1,0,1,59,21,38,23,38,21,17,13,17,0,17,4
3,3,4,0,36,32,4,3,4,2,2,0,2,2,0,0
0,0,4,0,26,14,12,5,12,10,2,0,2,0,2,0
3,0,3,0,39,24,15,4,15,9,6,3,6,2,4,0
3,3,2,4,32,1,31,11,31,30,1,1,1,0,1,0
1,4,3,2,9,7,2,0,2,2,0,0,0,0,0,0
3,0,0,4,34,29,5,1,5,5,0,0,0,0,0,0
3,4,1,0,37,31,6,1,6,6,0,0,0,0,0,0
3,0,4,3,47,30,17,4,17,6,11,10,11,0,11,10
0,3,1,2,5,5,0,0,0,0,0,0,0,0,0,0
0,0,4,4,9,9,0,0,0,0,0,0,0,0,0,0
1,4,2,2,36,34,2,2,2,0,2,2,2,0,2,2
4,4,1,3,65,36,29,10,29,6,23,3,23,5,18,4
0,1,1,4,17,8,9,7,9,4,5,3,5,1,4,0
0,1,0,3,13,11,2,1,2,0,2,0,2,2,0,0
1,2,3,3,19,12,7,4,7,6,1,1,1,1,0,0
0,0,1,3,30,6,24,13,24,7,17,3,17,7,10,2
0,1,4,2,21,6,15,11,15,1,14,11,14,2,12,8
3,3,0,2,23,14,9,5,9,9,0,0,0,0,0,0
4,2,1,2,35,13,22,7,22,12,10,5,10,4,6,4
1,2,1,1,23,18,5,1,5,4,1,1,1,1,0,0
2,4,3,4,42,25,17,16,17,1,16,5,16,2,14,14
1,3,2,3,25,20,5,0,5,4,1,0,1,1,0,0
0,4,1,1,24,0,24,17,24,20,4,1,4,1,3,1
4,1,0,3,23,0,23,1,23,21,2,2,2,0,2,2
0,3,3,0,29,5,24,14,24,12,12,12,12,1,11,5
3,2,4,2,30,3,27,18,27,22,5,1,5,5,0,0
4,4,0,0,31,15,16,13,16,3,13,5,13,13,0,0
2,4,2,2,8,5,3,1,3,1,2,2,2,1,1,1
2,2,1,4,44,25,19,9,19,4,15,10,15,6,9,4
4,0,3,1,45,16,29,7,29,6,23,17,23,13,10,4
4,0,4,3,19,2,17,13,17,4,13,6,13,7,6,2
4,1,1,1,58,58,0,0,0,0,0,0,0,0,0,0
4,4,0,2,35,1,34,24,34,18,16,8,16,16,0,0
3,1,2,4,23,17,6,6,6,0,6,1,6,4,2,2
3,1,4,0,44,26,18,5,18,13,5,3,5,4,1,0
2,4,2,4,38,0,38,1,38,27,11,8,11,4,7,4
4,1,0,1,42,8,34,4,34,0,34,30,34,2,32,13
0,2,3,1,7,7,0,0,0,0,0,0,0,0,0,0
2,2,0,4,57,51,6,4,6,0,6,2,6,5,1,0
3,2,2,3,40,10,30,7,30,15,15,13,15,14,1,1
2,3,3,3,5,4,1,0,1,0,1,1,1,0,1,1
2,3,1,2,20,9,11,4,11,2,9,0,9,0,9,9
4,0,0,3,21,12,9,3,9,2,7,2,7,7,0,0
0,0,1,0,10,8,2,2,2,0,2,1,2,2,0,0
3,2,2,2,18,12,6,3,6,0,6,2,6,5,1,1
3,2,3,0,61,16,45,32,45,12,33,33,33,10,23,8
3,4,1,4,86,47,39,34,39,31,8,5,8,5,3,0
1,2,1,0,7,7,0,0,0,0,0,0,0,0,0,0
2,3,2,3,76,8,68,48,68,29,39,11,39,33,6,0
2,2,0,3,19,6,13,11,13,9,4,2,4,1,3,1
4,0,3,1,42,22,20,16,20,15,5,5,5,1,4,3
1,0,4,2,5,1,4,0,4,4,0,0,0,0,0,0
0,2,4,3,10,9,1,1,1,0,1,0,1,0,1,1
0,0,0,0,81,38,43,19,43,15,28,13,28,16,12,11
4,0,4,1,75,0,75,59,75,8,67,30,67,4,63,6
3,3,1,3,16,12,4,3,4,4,0,0,0,0,0,0
1,0,0,3,29,20,9,6,9,6,3,3,3,2,1,0
2,2,3,1,22,15,7,2,7,3,4,1,4,2,2,0
0,1,3,0,28,7,21,5,21,17,4,3,4,0,4,3
4,4,0,2,21,13,8,3,8,2,6,6,6,4,2,1
0,3,3,4,45,45,0,0,0,0,0,0,0,0,0,0
0,4,0,1,39,29,10,1,10,0,10,6,10,6,4,2
3,1,3,2,57,10,47,18,47,47,0,0,0,0,0,0
2,1,4,0,61,28,33,33,33,2,31,25,31,12,19,9
0,3,2,2,34,24,10,2,10,10,0,0,0,0,0,0
0,3,2,0,63,54,9,4,9,6,3,2,3,2,1,1
1,1,4,3,18,8,10,1,10,8,2,0,2,0,2,1
0,1,2,4,31,19,12,6,12,9,3,1,3,1,2,0
3,2,0,2,40,8,32,11,32,3,29,8,29,12,17,8
1,3,1,3,15,10,5,2,5,1,4,0,4,3,1,1
0,0,3,4,26,17,9,5,9,8,1,1,1,1,0,0
1,3,0,2,1,0,1,0,1,1,0,0,0,0,0,0
2,4,3,0,76,76,0,0,0,0,0,0,0,0,0,0
2,1,1,2,28,0,28,28,28,25,3,2,3,3,0,0
0,4,2,1,40,1,39,21,39,2,37,25,37,13,24,1
3,1,1,4,0,0,0,0,0,0,0,0,0,0,0,0
2,4,1,0,34,16,18,13,18,17,1,1,1,1,0,0
1,1,3,0,43,6,37,22,37,28,9,1,9,7,2,1
1,1,0,0,1,0,1,1,1,1,0,0,0,0,0,0
2,2,2,0,38,12,26,4,26,17,9,3,9,5,4,3
4,1,2,2,49,40,9,2,9,2,7,1,7,2,5,4
4,4,3,1,9,3,6,5,6,2,4,3,4,1,3,0
1,3,2,4,27,5,22,0,22,9,13,2,13,11,2,0
2,3,1,3,34,27,7,5,7,2,5,4,5,3,2,2
0,1,1,0,43,7,36,6,36,17,19,14,19,7,12,11
3,1,3,3,27,15,12,4,12,12,0,0,0,0,0,0
1,1,2,2,9,0,9,6,9,7,2,2,2,0,2,1
4,2,0,1,46,38,8,1,8,0,8,4,8,5,3,1
0,2,3,3,18,13,5,5,5,3,2,1,2,0,2,2
3,3,0,2,21,8,13,1,13,12,1,1,1,0,1,1
0,4,1,1,18,14,4,0,4,4,0,0,0,0,0,0
1,0,0,4,59,27,32,7,32,26,6,4,6,4,2,1
0,4,2,2,35,31,4,3,4,3,1,0,1,1,0,0
0,2,3,1,31,23,8,1,8,6,2,2,2,0,2,2
3,1,0,4,45,43,2,2,2,2,0,0,0,0,0,0
1,3,1,2,29,2,27,13,27,7,20,13,20,16,4,1
4,0,2,0,49,8,41,26,41,33,8,4,8,5,3,0
1,3,0,1,14,6,8,1,8,7,1,1,1,0,1,1
2,2,0,3,24,16,8,3,8,8,0,0,0,0,0,0
4,1,0,1,26,8,18,10,18,6,12,3,12,7,5,5
0,4,0,3,36,23,13,5,13,4,9,2,9,0,9,8
2,4,4,1,38,5,33,10,33,8,25,12,25,10,15,8
2,3,3,1,58,19,39,20,39,6,33,26,33,25,8,4
2,3,0,0,32,12,20,13,20,18,2,0,2,1,1,0
1,3,2,2,9,5,4,4,4,2,2,1,2,0,2,0
2,0,4,4,37,34,3,1,3,3,0,0,0,0,0,0
0,3,0,2,14,0,14,7,14,10,4,4,4,1,3,0
1,2,0,4,69,67,2,1,2,1,1,1,1,0,1,0
1,0,3,2,50,44,6,4,6,1,5,0,5,5,0,0
2,3,4,4,32,12,20,18,20,15,5,5,5,4,1,1
2,4,4,4,20,14,6,0,6,6,0,0,0,0,0,0
3,0,2,0,31,9,22,6,22,0,22,17,22,13,9,3
1,3,2,2,37,19,18,7,18,0,18,14,18,1,17,13
1,3,0,2,28,11,17,0,17,15,2,1,2,2,0,0
0,3,0,4,20,3,17,7,17,17,0,0,0,0,0,0
3,4,2,4,7,3,4,2,4,0,4,4,4,1,3,1
0,1,0,0,18,2,16,9,16,9,7,0,7,5,2,0
2,0,0,0,40,31,9,8,9,6,3,2,3,2,1,1
1,2,4,2,50,32,18,7,18,12,6,0,6,2,4,1
1,0,0,4,18,5,13,6,13,7,6,0,6,5,1,0
3,4,3,3,45,3,42,17,42,36,6,0,6,5,1,0
2,4,3,2,38,17,21,8,21,1,20,8,20,3,17,6
0,2,0,2,56,24,32,31,32,23,9,9,9,5,4,1
0,3,2,4,49,42,7,5,7,0,7,1,7,2,5,5
4,4,1,0,30,27,3,2,3,1,2,0,2,2,0,0
3,2,1,3,30,19,11,0,11,7,4,1,4,1,3,1
1,4,3,3,22,9,13,11,13,1,12,6,12,1,11,11
0,2,0,4,37,37,0,0,0,0,0,0,0,0,0,0
2,0,0,2,44,27,17,16,17,10,7,2,7,6,1,1
2,4,1,3,28,12,16,9,16,14,2,1,2,1,1,1
1,3,2,4,17,0,17,13,17,12,5,0,5,3,2,1
3,4,2,3,7,4,3,1,3,0,3,0,3,3,0,0
1,4,3,4,14,13,1,0,1,0,1,0,1,0,1,1
1,1,1,3,35,4,31,17,31,23,8,0,8,6,2,2
3,1,3,4,49,38,11,4,11,7,4,0,4,2,2,2
4,2,2,3,9,4,5,4,5,3,2,2,2,0,2,1
1,0,0,1,26,13,13,4,13,12,1,0,1,0,1,0
3,1,4,0,32,14,18,12,18,3,15,13,15,12,3,3
0,0,1,2,34,26,8,7,8,2,6,5,6,5,1,0
3,1,0,1,14,3,11,4,11,1,10,5,10,9,1,1
3,4,3,2,58,13,45,8,45,9,36,14,36,36,0,0
0,4,1,2,6,6,0,0,0,0,0,0,0,0,0,0
1,4,3,2,27,19,8,8,8,4,4,1,4,3,1,0
4,0,4,1,32,30,2,1,2,2,0,0,0,0,0,0
3,2,4,3,46,11,35,17,35,13,22,14,22,14,8,2
3,3,0,0,19,13,6,0,6,6,0,0,0,0,0,0
2,2,3,0,35,3,32,12,32,16,16,2,16,13,3,3
3,3,2,3,20,12,8,8,8,0,8,1,8,8,0,0
1,1,4,2,20,12,8,1,8,7,1,1,1,0,1,0
0,3,4,0,60,2,58,32,58,39,19,4,19,7,12,8
3,3,4,3,50,9,41,5,41,41,0,0,0,0,0,0
4,0,3,4,19,9,10,4,10,9,1,0,1,1,0,0
0,3,0,2,37,30,7,0,7,2,5,1,5,3,2,0
3,1,0,2,23,10,13,3,13,0,13,6,13,12,1,0
4,2,3,4,38,25,13,12,13,10,3,3,3,2,1,1
0,1,2,3,42,4,38,38,38,36,2,1,2,0,2,0
2,1,0,0,27,22,5,0,5,1,4,2,4,1,3,2
3,2,0,3,26,3,23,4,23,23,0,0,0,0,0,0
1,3,0,1,35,21,14,6,14,1,13,3,13,12,1,0
0,2,3,1,19,1,18,11,18,7,11,5,11,4,7,1
0,1,3,3,38,30,8,4,8,6,2,2,2,0,2,1
2,3,4,1,37,18,19,9,19,17,2,1,2,2,0,0
3,1,1,3,29,8,21,4,21,0,21,2,21,8,13,0
2,4,0,3,61,21,40,37,40,5,35,25,35,34,1,0
0,0,4,0,26,6,20,7,20,19,1,0,1,1,0,0
4,0,0,2,53,8,45,31,45,32,13,3,13,3,10,0
1,1,1,1,46,41,5,1,5,5,0,0,0,0,0,0
4,2,3,3,30,7,23,16,23,20,3,0,3,2,1,0
0,0,2,3,64,4,60,27,60,20,40,34,40,10,30,17
4,0,4,1,21,4,17,14,17,9,8,2,8,0,8,7
3,0,1,4,17,0,17,5,17,16,1,0,1,1,0,0
1,1,4,4,39,37,2,0,2,1,1,1,1,0,1,0
3,3,2,2,44,1,43,41,43,5,38,25,38,17,21,1
3,1,2,0,58,21,37,28,37,26,11,11,11,0,11,3
1,0,4,3,47,46,1,1,1,1,0,0,0,0,0,0
3,3,4,4,69,36,33,21,33,33,0,0,0,0,0,0
1,2,2,1,12,8,4,0,4,0,4,4,4,2,2,0
2,3,1,4,45,45,0,0,0,0,0,0,0,0,0,0
2,1,2,4,43,8,35,12,35,33,2,2,2,1,1,0
4,4,2,4,7,3,4,0,4,0,4,2,4,4,0,0
1,4,3,3,31,17,14,4,14,5,9,9,9,8,1,0
1,3,0,1,9,0,9,1,9,7,2,1,2,2,0,0
1,0,3,3,50,9,41,26,41,36,5,4,5,5,0,0
2,4,4,2,27,0,27,11,27,13,14,9,14,4,10,8
3,4,1,1,41,25,16,8,16,5,11,2,11,10,1,0
3,3,3,2,24,24,0,0,0,0,0,0,0,0,0,0
3,4,4,4,15,0,15,9,15,1,14,9,14,6,8,5
1,1,1,4,12,5,7,5,7,4,3,0,3,1,2,0
2,2,1,2,26,8,18,7,18,12,6,6,6,6,0,0
3,1,2,3,34,17,17,11,17,7,10,4,10,1,9,6
2,2,1,2,11,7,4,0,4,1,3,0,3,0,3,3
0,0,0,4,22,3,19,4,19,0,19,9,19,6,13,9
3,2,4,4,25,12,13,8,13,9,4,1,4,3,1,1
3,3,0,1,34,33,1,1,1,1,0,0,0,0,0,0
0,1,3,4,52,38,14,1,14,12,2,1,2,0,2,2
1,2,4,2,34,7,27,25,27,2,25,25,25,8,17,14
3,3,1,2,23,16,7,5,7,0,7,0,7,7,0,0
1,3,3,4,14,13,1,0,1,0,1,0,1,0,1,0
2,3,3,2,8,5,3,2,3,0,3,0,3,2,1,1
2,2,4,2,16,3,13,1,13,11,2,0,2,1,1,0
2,0,1,2,15,2,13,4,13,3,10,10,10,0,10,10
2,1,2,4,30,7,23,4,23,3,20,13,20,11,9,1
4,4,0,3,44,35,9,9,9,9,0,0,0,0,0,0
2,0,3,2,109,29,80,59,80,65,15,15,15,1,14,11
1,3,2,0,22,8,14,13,14,4,10,9,10,8,2,0
4,0,4,3,54,28,26,19,26,0,26,13,26,25,1,0
1,4,3,0,49,39,10,7,10,7,3,0,3,3,0,0
3,2,4,2,37,28,9,7,9,5,4,3,4,4,0,0
4,2,2,4,1,1,0,0,0,0,0,0,0,0,0,0
3,0,1,2,14,11,3,2,3,3,0,0,0,0,0,0
4,2,4,2,25,18,7,3,7,5,2,1,2,1,1,1
0,1,0,1,25,9,16,1,16,7,9,1,9,7,2,0
3,1,0,2,59,12,47,37,47,14,33,18,33,6,27,25
1,1,0,2,0,0,0,0,0,0,0,0,0,0,0,0
3,2,2,1,32,9,23,2,23,10,13,5,13,5,8,7
4,4,4,4,53,10,43,14,43,29,14,0,14,4,10,7
1,0,2,2,23,17,6,6,6,2,4,1,4,1,3,2
3,0,3,2,37,35,2,0,2,1,1,1,1,0,1,1
3,0,4,1,29,0,29,23,29,1,28,26,28,12,16,4
2,4,4,4,20,16,4,1,4,1,3,1,3,1,2,0
3,0,4,1,43,5,38,3,38,34,4,1,4,1,3,3
0,4,4,4,89,89,0,0,0,0,0,0,0,0,0,0
0,2,2,3,77,32,45,7,45,24,21,20,21,15,6,5
2,2,3,2,32,12,20,5,20,6,14,3,14,6,8,5
4,2,2,4,40,7,33,9,33,8,25,21,25,9,16,9
4,3,1,2,38,6,32,17,32,29,3,3,3,2,1,0
2,3,1,1,9,6,3,0,3,2,1,1,1,1,0,0
2,1,2,2,33,12,21,11,21,17,4,3,4,1,3,0
0,4,3,3,13,2,11,7,11,8,3,2,3,0,3,0
2,4,1,4,46,16,30,8,30,27,3,0,3,1,2,1
2,2,4,2,38,4,34,22,34,7,27,5,27,22,5,1
0,1,2,2,17,1,16,1,16,2,14,6,14,10,4,2
4,0,2,2,28,21,7,1,7,4,3,3,3,3,0,0
3,1,0,1,53,21,32,5,32,27,5,0,5,1,4,3
3,2,0,1,42,33,9,7,9,8,1,1,1,1,0,0
1,4,4,2,7,3,4,2,4,3,1,1,1,0,1,0
4,1,0,2,29,7,22,19,22,21,1,0,1,1,0,0
3,4,0,0,41,4,37,37,37,0,37,18,37,17,20,17
4,1,4,2,37,20,17,11,17,0,17,4,17,9,8,8
4,4,4,0,39,28,11,0,11,10,1,0,1,0,1,0
4,2,2,2,59,38,21,18,21,13,8,2,8,5,3,2
2,4,0,1,52,37,15,9,15,6,9,9,9,9,0,0
2,3,2,0,10,5,5,1,5,4,1,0,1,1,0,0
0,1,3,2,35,24,11,6,11,0,11,11,11,1,10,6
1,3,4,0,28,8,20,1,20,18,2,2,2,1,1,1
3,4,0,2,88,23,65,34,65,33,32,29,32,6,26,1
4,0,2,3,28,27,1,0,1,0,1,1,1,1,0,0
0,3,0,3,46,6,40,34,40,28,12,5,12,11,1,1
3,0,2,2,21,16,5,5,5,3,2,2,2,1,1,1
2,4,1,0,50,5,45,1,45,6,39,35,39,35,4,2
2,0,1,1,23,4,19,2,19,9,10,0,10,1,9,8
